MicroEMSIM SPAf Data: 
num_rev 	21
num_theta 	180
PloughingZone Area: theta Ap1 Ap2 .. 
0	1.1613e-006	1.37007e-007	2.37176e-006	2.93018e-007	1.00281e-006	2.27288e-006	0	1.56155e-006	1.07115e-006	3.93317e-007	2.55785e-006	0	5.52171e-007	1.96283e-006	0	1.65767e-006	9.81448e-007	6.48168e-007	2.6521e-006	0	
1	1.90339e-006	0	2.75633e-006	0	7.92481e-007	2.39563e-006	0	1.19407e-006	1.65325e-006	1.19488e-007	2.90715e-006	0	7.55144e-007	2.14782e-006	0	1.25732e-006	1.3067e-006	2.64285e-007	2.8686e-006	0	
2	2.10221e-006	0	2.52431e-006	0	3.5247e-007	1.00337e-006	0	8.94923e-007	1.75027e-006	0	1.75746e-006	0	4.2825e-007	1.03822e-006	0	1.31886e-006	1.38458e-006	0	1.30483e-006	0	
3	2.19883e-006	0	9.05655e-007	0	0	8.45611e-007	0	1.31336e-006	1.83786e-006	0	8.09504e-007	0	1.21396e-009	9.27655e-007	0	1.64871e-006	6.6114e-007	0	7.48153e-007	0	
4	1.42397e-006	0	6.77842e-007	0	6.38745e-007	7.85523e-007	0	2.22422e-006	9.36517e-007	0	6.67256e-007	0	9.54077e-007	8.76129e-007	0	1.07627e-006	4.72782e-007	5.04133e-008	6.67826e-007	0	
5	1.20864e-006	1.96644e-007	5.99932e-007	0	1.53067e-006	1.04238e-006	0	8.83137e-007	7.59108e-007	4.61885e-007	6.03513e-007	0	1.82344e-006	1.36141e-006	0	6.44954e-007	3.36819e-007	7.68117e-007	6.16139e-007	0	
6	1.04136e-006	8.67141e-007	5.4829e-007	0	1.41594e-006	1.18939e-006	0	5.99221e-007	6.37411e-007	1.17365e-006	5.62092e-007	0	1.1023e-006	1.84049e-006	2.394e-007	5.51792e-007	2.70486e-007	1.51271e-006	7.32901e-007	0	
7	9.32076e-007	1.57389e-006	6.33138e-007	0	8.12047e-007	1.41759e-006	1.67681e-007	4.97038e-007	5.8726e-007	1.90978e-006	6.88055e-007	0	6.96512e-007	2.07053e-006	8.21489e-007	4.89921e-007	2.86398e-007	1.92877e-006	7.73588e-007	0	
8	8.94653e-007	1.78274e-006	6.52612e-007	1.28338e-008	6.2594e-007	1.96202e-006	1.26366e-006	4.45571e-007	6.19173e-007	1.22079e-006	7.27165e-007	3.30308e-009	5.61948e-007	1.8789e-006	1.46036e-006	4.47302e-007	3.91948e-007	9.75668e-007	8.29483e-007	6.46636e-008	
9	9.38399e-007	9.68515e-007	6.82219e-007	4.39111e-007	5.14088e-007	2.07846e-006	1.91016e-006	5.01945e-007	7.39184e-007	8.20528e-007	7.76008e-007	5.88657e-007	4.77229e-007	1.73678e-006	2.14161e-006	5.23425e-007	5.89952e-007	7.11631e-007	9.06002e-007	6.26367e-007	
10	1.06834e-006	7.10413e-007	7.24231e-007	9.46973e-007	4.39839e-007	1.94226e-006	1.27715e-006	4.98595e-007	9.49195e-007	6.30285e-007	8.39786e-007	1.07299e-006	4.19058e-007	1.65555e-006	1.074e-006	5.31696e-007	8.79219e-007	5.65638e-007	1.00327e-006	1.25123e-006	
11	1.28563e-006	5.6482e-007	7.77073e-007	1.52381e-006	3.89741e-007	1.86746e-006	8.53019e-007	5.02736e-007	1.24716e-006	5.1403e-007	9.16806e-007	1.70296e-006	4.48535e-007	1.64602e-006	7.64e-007	5.45224e-007	1.25463e-006	4.71473e-007	1.11956e-006	1.92057e-006	
12	1.58744e-006	4.83074e-007	8.38634e-007	2.15285e-006	4.31915e-007	1.86339e-006	6.49716e-007	5.1494e-007	1.62712e-006	4.44956e-007	1.00332e-006	1.59747e-006	4.30681e-007	1.71471e-006	5.96451e-007	5.66632e-007	1.70749e-006	4.1252e-007	1.2478e-006	1.26051e-006	
13	1.96737e-006	4.89956e-007	9.04795e-007	1.09769e-006	4.16427e-007	1.93622e-006	5.49672e-007	5.33814e-007	2.07968e-006	4.64296e-007	1.09084e-006	9.59478e-007	4.21474e-007	1.86468e-006	5.09164e-007	5.94567e-007	2.22545e-006	4.43767e-007	1.3655e-006	8.52269e-007	
14	1.51225e-006	4.41053e-007	9.68169e-007	7.89887e-007	4.07877e-007	2.08892e-006	5.32878e-007	5.5811e-007	1.28062e-006	4.25821e-007	1.16301e-006	7.17165e-007	4.19321e-007	2.09554e-006	5.02984e-007	6.2746e-007	1.11164e-006	4.14308e-007	1.42823e-006	6.5738e-007	
15	1.03216e-006	4.06202e-007	1.01748e-006	6.22123e-007	4.05641e-007	1.72256e-006	4.59018e-007	5.86298e-007	9.15929e-007	3.9869e-007	1.19424e-006	5.75808e-007	4.2292e-007	1.53388e-006	4.40737e-007	6.63083e-007	8.20109e-007	3.93664e-007	1.40113e-006	5.37604e-007	
16	7.97376e-007	3.81135e-007	1.0368e-006	5.13438e-007	4.08526e-007	1.2456e-006	4.06126e-007	6.16297e-007	7.176e-007	3.79378e-007	1.1723e-006	4.81727e-007	4.31192e-007	1.12105e-006	3.95743e-007	6.98241e-007	6.51015e-007	3.80316e-007	1.29225e-006	4.56e-007	
17	6.46827e-007	3.63059e-007	1.01901e-006	4.37065e-007	4.15497e-007	9.8626e-007	3.67232e-007	6.45279e-007	5.87377e-007	3.66632e-007	1.10058e-006	4.14737e-007	4.4309e-007	8.87379e-007	3.62644e-007	7.28666e-007	5.37721e-007	3.72715e-007	1.1448e-006	3.97226e-007	
18	5.40575e-007	3.50931e-007	9.66309e-007	3.80855e-007	4.25535e-007	8.06726e-007	3.38346e-007	6.6967e-007	4.94533e-007	3.59093e-007	9.98143e-007	3.65151e-007	4.57469e-007	7.26971e-007	3.3826e-007	7.49366e-007	4.56192e-007	3.69693e-007	9.93573e-007	3.53541e-007	
19	4.61496e-007	3.43548e-007	8.89236e-007	3.38353e-007	4.37537e-007	6.73513e-007	3.17021e-007	6.85478e-007	4.2511e-007	3.55703e-007	8.85396e-007	3.27659e-007	4.72996e-007	6.08926e-007	3.20318e-007	7.55596e-007	3.94984e-007	3.70275e-007	8.55178e-007	3.2057e-007	
20	4.00644e-007	3.39956e-007	8.00821e-007	3.0579e-007	4.50243e-007	5.71051e-007	3.01396e-007	6.891e-007	3.71614e-007	3.55559e-007	7.75927e-007	2.99092e-007	4.88082e-007	5.18561e-007	3.07507e-007	7.43332e-007	3.47801e-007	3.73566e-007	7.34969e-007	2.9565e-007	
21	3.55549e-007	3.3933e-007	7.11408e-007	2.80818e-007	4.62205e-007	4.90269e-007	2.90432e-007	6.78096e-007	3.33442e-007	3.5782e-007	6.76413e-007	2.77453e-007	5.00899e-007	4.4752e-007	2.99162e-007	7.13392e-007	3.1465e-007	3.78671e-007	6.33055e-007	2.7708e-007	
22	3.31176e-007	3.40899e-007	6.27214e-007	2.62159e-007	4.71821e-007	4.25869e-007	2.83564e-007	8.46533e-007	3.13411e-007	3.61656e-007	5.89031e-007	2.61431e-007	5.09515e-007	3.95802e-007	2.94492e-007	8.84857e-007	2.9728e-007	3.84648e-007	5.47463e-007	2.63719e-007	
23	3.15727e-007	3.43902e-007	5.86034e-007	2.4855e-007	4.95022e-007	3.90134e-007	2.80101e-007	1.14511e-006	2.98562e-007	3.66208e-007	5.13615e-007	2.50104e-007	7.26808e-007	3.70702e-007	2.92825e-007	1.11059e-006	2.83263e-007	3.90501e-007	4.75715e-007	2.54342e-007	
24	3.0087e-007	3.47565e-007	5.85294e-007	2.40068e-007	1.0324e-006	3.73383e-007	2.79448e-007	1.36216e-006	2.8478e-007	3.70585e-007	4.54009e-007	2.42342e-007	1.20939e-006	3.53745e-007	2.93551e-007	1.26054e-006	2.7068e-007	3.95196e-007	4.26558e-007	2.4864e-007	
25	2.86731e-007	3.51084e-007	5.54298e-007	2.33465e-007	1.49303e-006	3.54924e-007	2.81049e-007	1.49972e-006	2.721e-007	5.7826e-007	4.25401e-007	2.38028e-007	1.60936e-006	3.35895e-007	2.96078e-007	1.33855e-006	2.59497e-007	8.61993e-007	4.10132e-007	2.46157e-007	
26	2.73392e-007	8.50433e-007	5.08886e-007	2.28584e-007	1.8676e-006	3.35367e-007	2.84347e-007	1.5612e-006	2.6053e-007	1.13985e-006	4.08061e-007	2.36707e-007	1.91982e-006	3.17589e-007	2.99792e-007	1.35176e-006	2.49664e-007	1.38779e-006	3.90718e-007	2.46421e-007	
27	2.60916e-007	1.3817e-006	4.19519e-007	2.28499e-007	2.14936e-006	3.15241e-007	2.88749e-007	1.55709e-006	2.50064e-007	1.63316e-006	3.86777e-007	2.37947e-007	2.13595e-006	2.992e-007	4.50449e-007	1.32248e-006	2.41123e-007	1.83674e-006	3.68454e-007	2.48977e-007	
28	2.49354e-007	1.84196e-006	3.80721e-007	2.30517e-007	2.33396e-006	2.95011e-007	6.68998e-007	1.51263e-006	2.40692e-007	2.0466e-006	3.6269e-007	2.41316e-007	2.25756e-006	2.81054e-007	1.00065e-006	1.24621e-006	2.33812e-007	2.19859e-006	3.44328e-007	2.53352e-007	
29	2.3875e-007	2.22001e-006	3.54994e-007	2.34502e-007	2.42111e-006	2.75084e-007	1.18678e-006	1.40395e-006	2.32395e-007	2.37044e-006	3.68931e-007	2.46351e-007	2.28822e-006	2.63437e-007	1.49829e-006	1.11066e-006	2.2766e-007	2.46545e-006	3.50108e-007	2.71954e-007	
30	2.29138e-007	2.50677e-006	3.60031e-007	2.40001e-007	2.41986e-006	2.55809e-007	1.65063e-006	1.23527e-006	2.25144e-007	2.4529e-006	3.67251e-007	4.91573e-007	2.24883e-006	2.46602e-007	1.9309e-006	9.25568e-007	2.22583e-007	2.24354e-006	3.4722e-007	7.68168e-007	
31	2.20534e-007	1.93604e-006	3.57231e-007	6.90263e-007	2.34697e-006	2.37481e-007	2.0486e-006	1.01724e-006	2.18891e-007	1.89105e-006	3.37248e-007	9.55172e-007	2.1312e-006	2.3076e-007	2.28723e-006	7.32511e-007	2.18473e-007	1.95286e-006	3.18161e-007	1.23046e-006	
32	2.12931e-007	1.74207e-006	3.25209e-007	1.11947e-006	2.18743e-006	2.20337e-007	2.37014e-006	7.90898e-007	2.13566e-007	1.79694e-006	3.0619e-007	1.38325e-006	1.93527e-006	2.16085e-007	2.40874e-006	5.107e-007	3.9913e-007	1.96974e-006	2.88721e-007	1.64709e-006	
33	2.80287e-007	1.72142e-006	2.9283e-007	1.51211e-006	1.9515e-006	2.0456e-007	2.06964e-006	5.38286e-007	5.23619e-007	1.88419e-006	2.52732e-007	1.76473e-006	1.67261e-006	2.59955e-007	1.78324e-006	3.45069e-007	7.71004e-007	2.44096e-006	2.40283e-007	2.00699e-006	
34	6.40931e-007	1.85728e-006	2.40266e-007	1.8578e-006	1.65202e-006	2.56444e-007	1.73735e-006	3.27283e-007	8.58247e-007	2.54878e-006	2.10693e-007	2.08925e-006	1.35681e-006	2.56566e-007	1.64487e-006	3.11942e-007	1.12419e-006	2.37143e-006	2.59749e-007	2.30026e-006	
35	8.83895e-007	2.50879e-006	2.58747e-007	2.14704e-006	1.3037e-006	2.52794e-007	1.64348e-006	2.9471e-007	1.17642e-006	2.31786e-006	2.56236e-007	2.34778e-006	1.0251e-006	2.53533e-007	1.63071e-006	2.78761e-007	1.44987e-006	2.09809e-006	2.54334e-007	2.51883e-006	
36	1.1716e-006	2.25011e-006	2.52686e-007	2.37172e-006	9.42783e-007	2.49561e-007	1.66262e-006	2.62453e-007	1.46894e-006	2.01588e-006	2.50697e-007	2.30643e-006	6.73357e-007	3.08106e-007	1.73659e-006	2.4667e-007	1.73954e-006	1.76227e-006	2.49357e-007	1.86719e-006	
37	1.43707e-006	1.92599e-006	2.47088e-007	2.30208e-006	5.68117e-007	2.46891e-007	1.82021e-006	2.13546e-007	1.72819e-006	1.65757e-006	2.45656e-007	1.87949e-006	2.87266e-007	5.50861e-007	2.16406e-006	2.59369e-007	1.9853e-006	1.37969e-006	2.44892e-007	1.74746e-006	
38	1.6734e-006	1.55168e-006	2.42041e-007	1.93769e-006	2.65085e-007	4.55249e-007	2.45197e-006	2.51252e-007	1.94709e-006	1.25912e-006	2.41182e-007	1.80034e-006	2.54897e-007	7.96881e-007	2.28555e-006	2.4824e-007	2.18032e-006	9.67107e-007	2.4099e-007	1.76382e-006	
39	1.87419e-006	1.1436e-006	2.3761e-007	1.89825e-006	2.38367e-007	6.97837e-007	2.18983e-006	2.45032e-007	2.11962e-006	8.37464e-007	2.37319e-007	1.86653e-006	2.27103e-007	1.04162e-006	1.97359e-006	2.42351e-007	2.31923e-006	5.4141e-007	2.3778e-007	1.94473e-006	
40	2.0339e-006	7.18602e-007	2.33832e-007	2.05543e-006	2.58319e-007	9.43912e-007	1.87148e-006	2.39338e-007	2.2411e-006	4.0936e-007	2.34205e-007	2.26476e-006	2.55238e-007	1.2781e-006	1.614e-006	2.37053e-007	2.39859e-006	2.0339e-007	2.37126e-007	2.40442e-006	
41	2.14825e-006	3.54064e-007	2.3145e-007	2.40653e-006	2.47029e-007	1.18736e-006	1.51131e-006	2.34257e-007	2.30859e-006	2.56567e-007	2.34472e-007	2.30922e-006	2.44215e-007	1.50062e-006	1.22237e-006	2.32414e-007	2.41711e-006	2.54451e-007	2.37893e-007	2.16482e-006	
42	2.21443e-006	2.53328e-007	2.31889e-007	2.20997e-006	2.41225e-007	1.42182e-006	1.18325e-006	2.2985e-007	2.32112e-006	2.51112e-007	2.3526e-007	2.06335e-006	2.38535e-007	1.70323e-006	8.75927e-007	2.28477e-007	2.37584e-006	2.48795e-007	4.49686e-007	1.88137e-006	
43	2.2314e-006	2.4812e-007	2.32709e-007	2.02281e-006	2.35857e-007	1.64087e-006	7.96032e-007	2.26152e-007	2.2798e-006	2.45733e-007	3.95525e-007	1.8412e-006	2.33371e-007	1.88034e-006	4.79086e-007	2.2537e-007	2.2781e-006	2.43306e-007	7.28287e-007	1.6246e-006	
44	2.25757e-006	2.43014e-007	3.4718e-007	1.75061e-006	2.31014e-007	1.83831e-006	4.12946e-007	2.23282e-007	2.2448e-006	2.40548e-007	6.88608e-007	1.53405e-006	2.288e-007	2.02707e-006	2.49269e-007	2.25105e-007	2.18779e-006	2.38099e-007	1.01629e-006	1.28767e-006	
45	2.18852e-006	2.38115e-007	6.55088e-007	1.45281e-006	2.26764e-007	2.0085e-006	2.46375e-007	2.23495e-007	2.11727e-006	2.35657e-007	9.9392e-007	1.20748e-006	2.24874e-007	2.13948e-006	2.44615e-007	2.25747e-007	2.00712e-006	2.33271e-007	1.30568e-006	9.39911e-007	
46	2.07965e-006	2.33517e-007	9.77873e-007	1.14034e-006	2.23153e-007	2.14663e-006	2.41905e-007	2.24206e-007	1.95216e-006	2.31149e-007	1.30283e-006	8.74591e-007	2.21628e-007	2.21484e-006	2.40025e-007	2.26758e-007	1.79255e-006	2.28902e-007	1.58809e-006	5.94755e-007	
47	1.93659e-006	2.29297e-007	1.3063e-006	8.2558e-007	2.20209e-007	2.24898e-006	2.37515e-007	2.25273e-007	1.75718e-006	2.27096e-007	1.60631e-006	5.48126e-007	2.17864e-007	2.25175e-006	2.35585e-007	3.33393e-007	1.5547e-006	2.25057e-007	1.85508e-006	2.6501e-007	
48	1.76618e-006	2.2552e-007	1.63066e-006	5.20518e-007	2.17939e-007	2.31316e-006	2.33283e-007	3.72961e-007	1.54251e-006	2.23554e-007	1.89516e-006	2.40148e-007	2.18072e-007	2.2503e-006	2.31374e-007	6.97999e-007	1.30452e-006	2.2178e-007	2.09847e-006	2.38193e-007	
49	1.57813e-006	2.22238e-007	1.94098e-006	2.36899e-007	2.17118e-007	2.33824e-006	2.2928e-007	7.59e-007	1.31762e-006	2.20562e-007	2.16036e-006	2.3569e-007	2.18336e-007	2.21209e-006	2.27462e-007	1.08079e-006	1.05041e-006	2.191e-007	2.3107e-006	2.34257e-007	
50	1.38019e-006	2.19486e-007	2.22744e-006	2.33284e-007	2.17823e-007	2.32485e-006	2.25569e-007	1.16283e-006	1.09022e-006	2.18146e-007	2.39353e-006	2.34525e-007	2.19722e-007	2.14013e-006	2.2391e-007	1.47047e-006	8.02385e-007	2.17031e-007	2.48526e-006	2.33144e-007	
51	1.17951e-006	2.17286e-007	2.48079e-006	2.32319e-007	2.18862e-007	2.27513e-006	2.22206e-007	1.57239e-006	8.69439e-007	2.16316e-007	1.89452e-006	2.3697e-007	3.25324e-007	2.03992e-006	2.20767e-007	1.85504e-006	5.7002e-007	2.1557e-007	1.82904e-006	2.35397e-007	
52	9.84381e-007	2.15646e-007	1.68897e-006	2.35289e-007	4.63501e-007	2.19495e-006	2.19237e-007	1.97485e-006	6.63991e-007	2.15068e-007	1.62979e-006	2.33827e-007	7.83899e-007	1.91833e-006	2.18073e-007	2.22208e-006	3.6423e-007	2.14774e-007	1.67508e-006	2.32052e-007	
53	8.04525e-007	2.14564e-007	1.49039e-006	2.32408e-007	9.44715e-007	2.08844e-006	2.167e-007	2.35694e-006	4.84037e-007	2.14387e-007	1.51128e-006	2.30716e-007	1.26421e-006	1.77905e-006	2.15857e-007	1.94738e-006	2.36551e-007	2.15113e-007	1.61646e-006	2.28815e-007	
54	6.5058e-007	2.14025e-007	1.39008e-006	2.29537e-007	1.44396e-006	1.95979e-006	2.14621e-007	1.65711e-006	3.39712e-007	2.54197e-007	1.4601e-006	2.27688e-007	1.75165e-006	1.62871e-006	2.14138e-007	1.48711e-006	2.34586e-007	5.39575e-007	1.62314e-006	2.25744e-007	
55	5.18618e-007	4.435e-007	1.345e-006	2.26721e-007	1.94567e-006	1.81535e-006	2.1302e-007	1.35712e-006	2.34404e-007	7.42293e-007	1.45972e-006	2.24797e-007	2.23036e-006	1.47591e-006	2.12922e-007	1.29721e-006	2.32478e-007	1.04616e-006	1.69365e-006	2.22896e-007	
56	4.19821e-007	9.42721e-007	1.34103e-006	2.2401e-007	2.43305e-006	1.66377e-006	2.11906e-007	1.20628e-006	2.32499e-007	1.25962e-006	1.50471e-006	2.22096e-007	1.67463e-006	1.33192e-006	2.12208e-007	1.19161e-006	2.30242e-007	1.57119e-006	1.8614e-006	2.18085e-007	
57	3.59007e-007	1.46653e-006	1.37382e-006	2.21457e-007	1.44032e-006	1.51682e-006	3.07655e-007	1.11974e-006	2.30411e-007	1.79012e-006	1.60704e-006	2.19639e-007	1.2905e-006	1.19127e-006	5.60281e-007	1.13473e-006	2.27908e-007	2.09801e-006	2.47028e-006	2.10962e-007	
58	3.40024e-007	1.99865e-006	1.45067e-006	2.19111e-007	1.17826e-006	1.36796e-006	7.62142e-007	1.07362e-006	2.28173e-007	2.31638e-006	1.81507e-006	2.15379e-007	1.11119e-006	1.0663e-006	1.04913e-006	1.11019e-006	2.25518e-007	1.78541e-006	2.32196e-006	2.09662e-007	
59	3.65682e-007	1.99813e-006	1.59877e-006	2.17022e-007	1.0377e-006	1.23065e-006	1.25267e-006	1.05502e-006	2.27337e-007	1.49212e-006	2.46294e-006	3.29656e-007	1.00742e-006	9.62851e-007	1.5641e-006	1.11162e-006	2.23123e-007	1.28774e-006	2.14508e-006	5.00605e-007	
60	4.37633e-007	1.32957e-006	1.88652e-006	5.4287e-007	9.54877e-007	1.11134e-006	1.76481e-006	1.05976e-006	4.26469e-007	1.17679e-006	2.27324e-006	7.09604e-007	9.45975e-007	8.86236e-007	2.08905e-006	1.13913e-006	3.15831e-007	1.08176e-006	1.95381e-006	9.2322e-007	
61	5.56294e-007	1.09729e-006	2.39756e-006	9.17152e-007	9.05134e-007	1.01603e-006	2.28196e-006	1.08859e-006	5.28221e-007	1.01758e-006	2.06585e-006	1.13207e-006	9.11434e-007	8.41128e-007	1.77243e-006	1.2025e-006	5.46391e-007	9.6488e-007	1.75682e-006	1.3815e-006	
62	7.20733e-007	9.68043e-007	2.17368e-006	1.33474e-006	8.78489e-007	9.50062e-007	1.51632e-006	1.15186e-006	7.51047e-007	9.2222e-007	1.85025e-006	1.58543e-006	8.97361e-007	8.31344e-007	1.2715e-006	1.29753e-006	8.24643e-007	8.92979e-007	1.5631e-006	1.86193e-006	
63	9.2859e-007	8.88388e-007	1.93913e-006	1.77836e-006	8.70241e-007	9.17979e-007	1.18071e-006	1.24346e-006	1.01711e-006	8.62864e-007	1.63627e-006	2.05582e-006	9.01706e-007	8.59716e-007	1.06222e-006	1.45475e-006	1.1446e-006	8.49192e-007	1.38157e-006	2.34886e-006	
64	1.176e-006	8.38712e-007	1.70462e-006	2.23401e-006	8.79307e-007	9.23349e-007	1.01198e-006	1.3921e-006	1.32056e-006	8.27429e-007	1.4337e-006	1.93813e-006	9.31087e-007	9.27969e-007	9.41528e-007	1.75595e-006	1.4966e-006	8.2563e-007	1.22074e-006	1.46866e-006	
65	1.45753e-006	8.09971e-007	1.48079e-006	1.62355e-006	9.13384e-007	9.68636e-007	9.09944e-007	1.66471e-006	1.65197e-006	8.10027e-007	1.25188e-006	1.33506e-006	9.73455e-007	1.03661e-006	8.65663e-007	2.38811e-006	1.8698e-006	8.18455e-007	1.08845e-006	1.16728e-006	
66	1.76419e-006	7.97662e-007	1.27783e-006	1.24602e-006	9.59822e-007	1.05508e-006	8.448e-007	2.42737e-006	2.00098e-006	8.0785e-007	1.09943e-006	1.10533e-006	1.04042e-006	1.18482e-006	8.17561e-007	2.09366e-006	2.26108e-006	8.26793e-007	9.9158e-007	1.00783e-006	
67	2.08635e-006	7.99732e-007	1.10517e-006	1.06105e-006	1.0316e-006	1.18259e-006	8.03742e-007	2.11352e-006	2.3652e-006	8.20667e-007	9.83961e-007	9.72914e-007	1.14312e-006	1.37038e-006	7.89093e-007	1.79846e-006	1.66711e-006	8.58322e-007	9.35898e-007	9.09171e-007	
68	2.42256e-006	8.16428e-007	9.71153e-007	9.48436e-007	1.14124e-006	1.34962e-006	7.80396e-007	1.7999e-006	1.56313e-006	8.56908e-007	9.11873e-007	8.88447e-007	1.30739e-006	1.58959e-006	7.76099e-007	1.51568e-006	1.29742e-006	8.99922e-007	9.25882e-007	8.4515e-007	
69	1.52733e-006	8.56753e-007	8.82788e-007	8.75109e-007	1.3183e-006	1.55309e-006	7.71478e-007	1.50041e-006	1.26708e-006	9.03423e-007	8.88177e-007	8.33224e-007	1.61569e-006	1.83551e-006	7.76594e-007	1.25785e-006	1.11176e-006	9.63528e-007	9.64576e-007	8.04136e-007	
70	1.26444e-006	9.07759e-007	8.4562e-007	8.27089e-007	1.66499e-006	1.78673e-006	7.75514e-007	1.22822e-006	1.10385e-006	9.73362e-007	9.16343e-007	7.98322e-007	2.37603e-006	2.10061e-006	7.90081e-007	1.03639e-006	9.9658e-007	1.05887e-006	1.05343e-006	7.8019e-007	
71	1.11244e-006	9.83615e-007	8.63536e-007	7.97362e-007	2.31992e-006	2.0434e-006	7.92368e-007	9.9524e-007	9.99276e-007	1.07815e-006	9.9815e-007	7.79045e-007	1.98964e-006	2.38512e-006	8.17786e-007	8.61294e-007	9.20233e-007	1.20727e-006	1.1922e-006	7.7017e-007	
72	1.01303e-006	1.09745e-006	9.38624e-007	7.82157e-007	1.92145e-006	2.32347e-006	8.2349e-007	8.11793e-007	9.28932e-007	1.24361e-006	1.13359e-006	7.72918e-007	1.61544e-006	1.62184e-006	8.70149e-007	7.40864e-007	8.69156e-007	1.469e-006	1.37704e-006	7.72581e-007	
73	9.45368e-007	1.27998e-006	1.07107e-006	7.79521e-007	1.53961e-006	1.71488e-006	8.79742e-007	6.86366e-007	8.81668e-007	1.55027e-006	1.31908e-006	7.78864e-007	1.26953e-006	1.33773e-006	9.3599e-007	6.81541e-007	8.36433e-007	2.46791e-006	1.60295e-006	7.87128e-007	
74	8.99596e-007	1.63799e-006	1.25754e-006	7.88723e-007	1.19065e-006	1.38034e-006	9.50797e-007	6.2547e-007	8.51606e-007	2.37685e-006	1.54941e-006	7.96904e-007	9.66462e-007	1.17404e-006	1.03252e-006	6.87771e-007	8.18264e-007	2.04505e-006	1.87247e-006	8.14641e-007	
75	8.70399e-007	2.29835e-006	1.49254e-006	8.10045e-007	8.8906e-007	1.1984e-006	1.05493e-006	6.33496e-007	8.35468e-007	1.95338e-006	1.82672e-006	8.28153e-007	7.18743e-007	1.06564e-006	1.18014e-006	7.61854e-007	8.12589e-007	1.63735e-006	2.17135e-006	8.57301e-007	
76	8.54773e-007	1.87651e-006	1.77791e-006	8.44899e-007	6.4707e-007	1.07973e-006	1.21575e-006	7.12573e-007	8.31481e-007	1.55017e-006	2.13651e-006	8.75193e-007	5.36594e-007	9.9042e-007	1.43482e-006	9.03839e-007	8.18483e-007	1.26202e-006	2.00581e-006	9.27674e-007	
77	8.51069e-007	1.47928e-006	2.09889e-006	8.96243e-007	4.74508e-007	9.97627e-007	1.50296e-006	8.61193e-007	8.38862e-007	1.18402e-006	2.09424e-006	9.50981e-007	4.27861e-007	9.37967e-007	2.25423e-006	1.11035e-006	8.35911e-007	9.34393e-007	1.44791e-006	1.0185e-006	
78	8.5858e-007	1.12296e-006	2.2581e-006	9.77392e-007	3.7871e-007	9.40053e-007	2.41897e-006	1.07448e-006	8.57756e-007	8.69631e-007	1.45154e-006	1.04998e-006	3.97923e-007	9.02634e-007	2.06596e-006	1.37437e-006	8.65855e-007	6.67368e-007	1.21489e-006	1.15321e-006	
79	8.77486e-007	8.21595e-007	1.45756e-006	1.08459e-006	3.6446e-007	9.00555e-007	1.99917e-006	1.35641e-006	8.89196e-007	6.1915e-007	1.20754e-006	1.19798e-006	4.4961e-007	8.81095e-007	1.65925e-006	1.69615e-006	9.10414e-007	4.71245e-007	1.07164e-006	1.37301e-006	
80	9.08769e-007	5.86623e-007	1.20152e-006	1.2463e-006	4.33936e-007	8.75475e-007	1.60164e-006	1.69225e-006	9.35349e-007	4.42082e-007	1.05981e-006	1.44682e-006	5.83129e-007	8.71528e-007	1.28808e-006	2.05953e-006	9.7346e-007	3.53687e-007	9.74841e-007	1.86605e-006	
81	9.54494e-007	4.268e-007	1.04905e-006	1.52749e-006	5.85801e-007	8.62675e-007	1.24226e-006	2.07044e-006	1.00014e-006	3.45265e-007	9.60682e-007	2.14816e-006	7.95284e-007	8.72978e-007	9.66895e-007	2.17192e-006	1.06944e-006	3.19698e-007	9.07318e-007	2.18896e-006	
82	1.01838e-006	3.48212e-007	9.47599e-007	2.43732e-006	8.13085e-007	8.60989e-007	9.34731e-007	2.03039e-006	1.09798e-006	3.32858e-007	8.91852e-007	2.11654e-006	1.07734e-006	8.85225e-007	7.07597e-007	1.40307e-006	1.19943e-006	3.71592e-007	8.60516e-007	1.79911e-006	
83	1.11428e-006	3.54272e-007	8.77478e-007	2.05896e-006	1.12021e-006	8.70015e-007	6.90229e-007	1.36922e-006	1.23045e-006	4.06331e-007	8.44236e-007	1.74167e-006	1.43e-006	9.08766e-007	5.1944e-007	1.14694e-006	1.40067e-006	5.08952e-007	8.29616e-007	1.44027e-006	
84	1.24312e-006	4.45694e-007	8.29085e-007	1.70192e-006	1.49092e-006	8.90053e-007	5.17313e-007	1.12231e-006	1.43486e-006	5.64433e-007	8.12781e-007	1.40012e-006	1.83541e-006	9.44932e-007	4.09047e-007	9.96212e-007	1.79703e-006	7.2814e-007	8.11792e-007	1.12598e-006	
85	1.43847e-006	6.20485e-007	7.9712e-007	1.37977e-006	1.91207e-006	9.22186e-007	4.21955e-007	9.76057e-007	1.84119e-006	8.02758e-007	7.94534e-007	1.10453e-006	2.27823e-006	9.96216e-007	3.80429e-007	8.97012e-007	2.29547e-006	1.01833e-006	8.05438e-007	8.67531e-007	
86	1.80917e-006	8.73566e-007	7.78495e-007	1.1042e-006	2.3673e-006	9.68552e-007	4.07561e-007	8.79784e-007	2.29558e-006	1.10921e-006	7.87811e-007	8.65308e-007	1.51375e-006	1.07435e-006	4.34972e-007	8.29206e-007	1.97513e-006	1.38137e-006	8.09815e-007	6.73772e-007	
87	2.33058e-006	1.19165e-006	7.71451e-007	8.84757e-007	1.41627e-006	1.0404e-006	4.74969e-007	8.14151e-007	1.9968e-006	1.48505e-006	7.91824e-007	6.90504e-007	1.1718e-006	1.1759e-006	5.71429e-007	7.83031e-007	1.6795e-006	1.79798e-006	8.24917e-007	5.51114e-007	
88	2.0495e-006	1.5758e-006	7.75147e-007	7.28682e-007	1.12314e-006	1.13322e-006	6.22418e-007	7.6971e-007	1.72166e-006	1.91012e-006	8.06535e-007	5.85793e-007	9.92193e-007	1.31966e-006	7.85892e-007	7.53131e-007	1.41925e-006	2.25214e-006	8.51514e-007	5.03566e-007	
89	1.78965e-006	2.00517e-006	7.8951e-007	6.40952e-007	9.60944e-007	1.26267e-006	8.45479e-007	7.4127e-007	1.47995e-006	2.36773e-006	8.32689e-007	5.54525e-007	8.79402e-007	1.54785e-006	1.07169e-006	7.36421e-007	1.20337e-006	1.53141e-006	8.98095e-007	5.3274e-007	
90	1.56018e-006	2.09298e-006	8.21074e-007	6.24299e-007	8.57517e-007	1.46182e-006	1.13709e-006	7.25846e-007	1.27992e-006	1.41583e-006	8.78985e-007	5.97727e-007	8.04185e-007	2.08165e-006	1.41932e-006	7.31165e-007	1.039e-006	1.17488e-006	9.58286e-007	6.37851e-007	
91	1.36888e-006	1.34175e-006	8.63609e-007	6.79212e-007	7.88325e-007	1.85099e-006	1.48734e-006	7.21781e-007	1.12813e-006	1.12367e-006	9.3888e-007	7.1409e-007	7.53555e-007	2.25165e-006	1.81088e-006	7.36574e-007	9.31305e-007	9.91617e-007	1.03909e-006	8.15669e-007	
92	1.222e-006	1.08852e-006	9.20861e-007	8.03912e-007	7.4203e-007	2.31761e-006	1.878e-006	7.28354e-007	1.02931e-006	9.62321e-007	1.0192e-006	8.99913e-007	7.20742e-007	1.98606e-006	2.24202e-006	7.52657e-007	8.83512e-007	8.77599e-007	1.15382e-006	1.06046e-006	
93	1.1241e-006	9.4243e-007	1.00069e-006	9.94342e-007	7.12614e-007	2.03492e-006	2.30484e-006	7.45653e-007	9.86367e-007	8.59675e-007	1.13368e-006	1.14909e-006	7.01951e-007	1.7414e-006	1.57347e-006	7.86572e-007	8.96881e-007	8.02057e-007	1.32784e-006	1.36397e-006	
94	1.07807e-006	8.48106e-007	1.11488e-006	1.24409e-006	6.96693e-007	1.77052e-006	1.50666e-006	7.81095e-007	1.00038e-006	7.91241e-007	1.30831e-006	1.45303e-006	6.95054e-007	1.52605e-006	1.20693e-006	8.31925e-007	9.70715e-007	7.51533e-007	1.64093e-006	1.71538e-006	
95	1.08506e-006	7.85032e-007	1.29e-006	1.54435e-006	6.92403e-007	1.53358e-006	1.18189e-006	8.28297e-007	1.07058e-006	7.45731e-007	1.62554e-006	1.80071e-006	6.99022e-007	1.34719e-006	1.02038e-006	8.92461e-007	1.10235e-006	7.19087e-007	2.38742e-006	2.09591e-006	
96	1.14453e-006	7.434e-007	1.60991e-006	1.88405e-006	6.98925e-007	1.33529e-006	1.00851e-006	8.91246e-007	1.19435e-006	7.17177e-007	2.38262e-006	2.17339e-006	7.1371e-007	1.21229e-006	9.04496e-007	9.77691e-007	1.28715e-006	7.00865e-007	2.04277e-006	1.92724e-006	
97	1.25417e-006	7.1794e-007	2.37875e-006	2.24467e-006	7.16319e-007	1.17896e-006	8.99236e-007	9.80302e-007	1.36722e-006	7.02254e-007	2.01757e-006	1.76338e-006	7.45825e-007	1.12482e-006	8.27794e-007	1.10223e-006	1.51845e-006	6.94743e-007	1.71468e-006	1.35085e-006	
98	1.40994e-006	7.05718e-007	1.99247e-006	1.66346e-006	7.51737e-007	1.06934e-006	8.26601e-007	1.1107e-006	1.58286e-006	6.99174e-007	1.66833e-006	1.31238e-006	7.89476e-007	1.08624e-006	7.76627e-007	1.29792e-006	1.78765e-006	6.99739e-007	1.4138e-006	1.11814e-006	
99	1.6061e-006	7.05215e-007	1.62221e-006	1.28627e-006	7.99382e-007	1.00982e-006	7.78303e-007	1.32119e-006	1.83316e-006	7.07222e-007	1.34732e-006	1.10292e-006	8.48092e-007	1.09764e-006	7.43996e-007	1.69376e-006	2.08445e-006	7.15803e-007	1.15043e-006	9.79899e-007	
100	1.83525e-006	7.15938e-007	1.28118e-006	1.09547e-006	8.62891e-007	1.0022e-006	7.47945e-007	1.78139e-006	2.1085e-006	7.26616e-007	1.06553e-006	9.7507e-007	9.30004e-007	1.15849e-006	7.2605e-007	2.26221e-006	2.39208e-006	7.4386e-007	9.3327e-007	8.89614e-007	
101	2.08981e-006	7.38347e-007	9.81027e-007	9.76436e-007	9.52603e-007	1.04663e-006	7.31998e-007	2.19322e-006	2.39316e-006	7.58623e-007	8.32232e-007	8.90797e-007	1.0501e-006	1.26663e-006	7.20711e-007	1.82016e-006	1.54412e-006	7.92417e-007	7.69252e-007	8.29231e-007	
102	2.35433e-006	7.73617e-007	7.31549e-007	8.97402e-007	1.08709e-006	1.14157e-006	7.28591e-007	1.73721e-006	1.57293e-006	8.11475e-007	6.54784e-007	8.34481e-007	1.24337e-006	1.41825e-006	7.27083e-007	1.39849e-006	1.27312e-006	8.55888e-007	6.63467e-007	7.89938e-007	
103	1.65567e-006	8.30814e-007	5.40552e-007	8.4472e-007	1.31276e-006	1.2838e-006	7.36999e-007	1.30399e-006	1.30402e-006	8.81785e-007	5.3864e-007	7.9831e-007	1.63996e-006	1.60795e-006	7.45156e-007	1.01204e-006	1.11732e-006	9.4307e-007	6.19157e-007	7.66986e-007	
104	1.36185e-006	9.07787e-007	4.13812e-007	8.11419e-007	1.86124e-006	1.46839e-006	7.56791e-007	9.08719e-007	1.14829e-006	9.79688e-007	4.87314e-007	7.78039e-007	2.23984e-006	1.82383e-006	7.75234e-007	6.73749e-007	1.0156e-006	1.07345e-006	6.37697e-007	7.57785e-007	
105	1.19707e-006	1.01654e-006	3.55116e-007	7.93232e-007	2.0983e-006	1.68415e-006	7.8963e-007	5.64434e-007	1.04679e-006	1.12953e-006	5.02384e-007	7.70871e-007	1.73133e-006	2.06875e-006	8.20641e-007	3.94257e-007	9.46866e-007	1.29016e-006	7.1856e-007	7.60436e-007	
106	1.09043e-006	1.18711e-006	3.66245e-007	7.88266e-007	1.58661e-006	1.93343e-006	8.3861e-007	2.81805e-007	9.78595e-007	1.39305e-006	5.83468e-007	7.75989e-007	1.24373e-006	2.32767e-006	8.86193e-007	2.18126e-007	9.017e-007	1.79042e-006	8.59298e-007	7.7522e-007	
107	1.01892e-006	1.5079e-006	4.46946e-007	7.96087e-007	1.10059e-006	2.20142e-006	9.09164e-007	2.17388e-007	9.34656e-007	2.49318e-006	7.22283e-007	7.9373e-007	7.94244e-007	1.72196e-006	9.8752e-007	2.1228e-007	8.7569e-007	2.13026e-006	1.05071e-006	8.03158e-007	
108	9.73323e-007	2.35911e-006	5.89446e-007	8.16935e-007	6.57093e-007	2.0173e-006	1.01787e-006	2.11563e-007	9.09307e-007	1.97589e-006	9.27356e-007	8.25206e-007	3.9766e-007	1.40766e-006	1.13611e-006	2.06747e-007	8.64563e-007	1.61372e-006	1.29711e-006	8.46427e-007	
109	9.46362e-007	1.84838e-006	8.0141e-007	8.52238e-007	2.70372e-007	1.50282e-006	1.18046e-006	2.06089e-007	8.99065e-007	1.46842e-006	1.1857e-006	8.73019e-007	2.25489e-007	1.23826e-006	1.38752e-006	2.01685e-007	8.66913e-007	1.12067e-006	1.58438e-006	9.09328e-007	
110	9.35073e-007	1.3518e-006	1.07013e-006	9.05095e-007	2.24469e-007	1.28815e-006	1.46754e-006	2.01119e-007	9.0265e-007	9.89189e-007	1.48764e-006	9.42228e-007	2.19562e-007	1.13171e-006	2.14255e-006	1.9723e-007	8.82545e-007	6.6824e-007	1.90111e-006	1.00017e-006	
111	9.38114e-007	8.87079e-007	1.38571e-006	9.81486e-007	2.18659e-007	1.15945e-006	2.436e-006	1.91122e-007	9.20015e-007	5.54485e-007	1.8218e-006	1.04273e-006	2.13796e-007	1.06158e-006	2.03603e-006	2.61407e-007	9.12795e-007	2.7095e-007	2.23464e-006	1.13642e-006	
112	9.55433e-007	4.69622e-007	1.73636e-006	1.09333e-006	2.13049e-007	1.076e-006	1.95289e-006	1.88212e-007	9.52395e-007	2.32308e-007	2.17494e-006	1.19611e-006	2.08368e-007	1.01675e-006	1.55027e-006	5.0511e-007	9.609e-007	2.27519e-007	1.76533e-006	1.36964e-006	
113	9.88331e-007	2.32456e-007	2.1086e-006	1.26798e-006	2.07809e-007	1.02206e-006	1.4779e-006	4.41399e-007	1.00383e-006	2.27186e-007	1.85487e-006	1.4702e-006	2.0343e-007	9.91539e-007	1.08766e-006	8.12816e-007	1.0321e-006	2.22132e-007	1.37266e-006	1.92527e-006	
114	1.04077e-006	2.27545e-007	1.99939e-006	1.60087e-006	2.03082e-007	9.89972e-007	1.02771e-006	7.63128e-007	1.08039e-006	2.22015e-007	1.3889e-006	2.47835e-006	1.93551e-007	9.83045e-007	6.63664e-007	1.17336e-006	1.13621e-006	2.16862e-007	1.1841e-006	2.14242e-006	
115	1.11953e-006	2.22585e-007	1.41253e-006	2.36504e-006	1.93829e-007	9.75814e-007	6.17084e-007	1.13829e-006	1.19332e-006	2.16976e-007	1.18427e-006	2.03798e-006	1.90209e-007	9.90202e-007	2.91326e-007	1.57353e-006	1.29591e-006	2.11876e-007	1.07012e-006	1.68996e-006	
116	1.23697e-006	2.17752e-007	1.18857e-006	1.9396e-006	1.90604e-007	9.77871e-007	2.58296e-007	1.55309e-006	1.37005e-006	2.12227e-007	1.06335e-006	1.59974e-006	1.88747e-007	1.0135e-006	2.36626e-007	1.99871e-006	1.57923e-006	2.0732e-007	9.97582e-007	1.25243e-006	
117	1.42328e-006	2.13197e-007	1.05971e-006	1.46491e-006	1.89344e-007	9.96136e-007	2.3909e-007	1.99245e-006	1.70407e-006	2.07908e-007	9.87106e-007	1.17849e-006	3.79039e-007	1.05597e-006	2.32075e-007	2.4302e-006	2.42947e-006	1.9809e-007	9.52679e-007	8.44104e-007	
118	1.79227e-006	2.09058e-007	9.79326e-007	1.06369e-006	4.18088e-007	1.03322e-006	2.34574e-007	2.43664e-006	2.35508e-006	1.99188e-007	9.39959e-007	7.87589e-007	7.68336e-007	1.12366e-006	2.27387e-007	1.42477e-006	2.06657e-006	1.94424e-007	9.28689e-007	4.77294e-007	
119	2.32671e-006	2.00665e-007	9.2971e-007	6.90156e-007	8.22419e-007	1.09445e-006	2.29863e-007	1.41153e-006	2.01151e-006	1.95592e-007	9.14459e-007	4.38451e-007	1.20577e-006	1.22676e-006	2.22734e-007	1.17402e-006	1.65399e-006	1.92984e-007	9.22363e-007	2.50662e-007	
120	1.95011e-006	1.97053e-007	9.02576e-007	4.15866e-007	1.27149e-006	1.18843e-006	2.25136e-007	1.16315e-006	1.62339e-006	1.94308e-007	9.07004e-007	2.52999e-007	1.67487e-006	1.38905e-006	2.18272e-007	1.03642e-006	1.29999e-006	2.79165e-007	9.32953e-007	2.4659e-007	
121	1.62684e-006	1.95854e-007	8.93929e-007	2.55394e-007	1.74814e-006	1.33519e-006	2.20557e-007	1.02731e-006	1.28969e-006	3.67652e-007	9.169e-007	2.48927e-007	2.15735e-006	1.68903e-006	2.14143e-007	9.52812e-007	9.62534e-007	6.67085e-007	9.62568e-007	2.41956e-007	
122	1.30755e-006	4.39654e-007	9.03035e-007	2.51356e-007	2.23333e-006	1.59487e-006	2.16273e-007	9.45281e-007	9.71082e-007	7.6167e-007	9.46122e-007	2.44242e-007	1.68997e-006	2.34981e-006	2.0566e-007	9.02316e-007	6.50913e-007	1.10116e-006	1.01501e-006	2.36971e-007	
123	1.00077e-006	8.34171e-007	9.31785e-007	2.46644e-007	1.58715e-006	2.42142e-006	2.07482e-007	8.96314e-007	6.76013e-007	1.19671e-006	9.97849e-007	2.39157e-007	1.26889e-006	2.04952e-006	2.01513e-007	8.75514e-007	3.73151e-007	1.56475e-006	1.09668e-006	2.31836e-007	
124	7.14404e-007	1.26514e-006	9.82749e-007	2.41482e-007	1.23192e-006	2.1091e-006	2.03012e-007	8.71084e-007	4.11852e-007	1.65573e-006	1.07879e-006	2.33885e-007	1.08168e-006	1.71948e-006	2.10149e-007	8.68014e-007	2.10538e-007	2.03881e-006	1.22423e-006	2.26743e-007	
125	4.55463e-007	1.71538e-006	1.06293e-006	2.36089e-007	1.06296e-006	1.76101e-006	2.24933e-007	8.65344e-007	2.18413e-007	2.1195e-006	1.20572e-006	2.28625e-007	9.75453e-007	1.3837e-006	5.48402e-007	8.79184e-007	2.58091e-007	1.99118e-006	1.40152e-006	2.21863e-007	
126	2.29976e-007	2.16538e-006	1.18914e-006	2.30675e-007	9.66248e-007	1.40332e-006	5.55244e-007	8.78594e-007	2.0363e-007	1.81755e-006	1.38979e-006	2.2356e-007	9.12943e-007	1.05102e-006	9.27422e-007	9.11281e-007	2.5322e-007	1.36665e-006	1.98615e-006	2.17351e-007	
127	2.11477e-007	1.76256e-006	1.3796e-006	2.2543e-007	9.10194e-007	1.04562e-006	9.23587e-007	9.13334e-007	2.55253e-007	1.33626e-006	1.9773e-006	2.18849e-007	8.79408e-007	7.30052e-007	1.33262e-006	9.66624e-007	2.47767e-007	1.14712e-006	2.19e-006	2.09311e-007	
128	2.57309e-007	1.33318e-006	1.96899e-006	2.20523e-007	8.81933e-007	6.9735e-007	1.31569e-006	9.72481e-007	2.49673e-007	1.14027e-006	2.18593e-006	2.1065e-007	8.6825e-007	4.28867e-007	1.74738e-006	9.99938e-007	2.41979e-007	1.02873e-006	1.76802e-006	2.64854e-007	
129	2.51568e-007	1.1495e-006	2.18254e-006	2.12159e-007	8.75812e-007	3.67501e-007	1.71542e-006	1.01867e-006	2.43732e-007	1.03324e-006	1.73905e-006	2.88155e-007	8.77188e-007	2.48314e-007	2.15384e-006	1.15799e-006	2.36093e-007	9.61405e-007	1.32847e-006	5.68313e-007	
130	2.45441e-007	1.04939e-006	1.71187e-006	3.152e-007	8.90331e-007	2.54272e-007	2.1061e-006	1.18944e-006	2.37677e-007	9.73672e-007	1.27299e-006	5.80324e-007	9.07697e-007	2.29622e-007	1.92046e-006	1.44859e-006	2.30327e-007	9.27119e-007	8.83833e-007	9.01638e-007	
131	2.39188e-007	9.95356e-007	1.22033e-006	5.92814e-007	9.2794e-007	2.34065e-007	2.20724e-006	1.51555e-006	2.31733e-007	9.46099e-007	8.01198e-007	8.9934e-007	9.64842e-007	2.08014e-007	1.43416e-006	2.54196e-006	2.20019e-007	9.18334e-007	4.46581e-007	1.25165e-006	
132	2.33044e-007	9.7338e-007	7.22317e-007	8.94217e-007	9.43647e-007	2.11076e-007	1.51601e-006	2.46655e-006	2.21438e-007	9.44318e-007	3.37073e-007	1.23248e-006	1.01986e-006	2.54882e-007	1.24654e-006	2.04196e-006	2.13668e-007	9.32731e-007	2.84023e-007	1.60455e-006	
133	2.22771e-007	9.78264e-007	3.09376e-007	1.20728e-006	1.07314e-006	2.55421e-007	1.30923e-006	1.94688e-006	2.15005e-007	9.67223e-007	2.86625e-007	1.56742e-006	1.19415e-006	2.47983e-007	1.15023e-006	1.50438e-006	3.59546e-007	9.72286e-007	2.62548e-007	1.94591e-006	
134	2.16283e-007	1.01015e-006	2.89607e-007	1.5212e-006	1.28207e-006	2.48253e-007	1.20743e-006	1.39056e-006	3.30195e-007	1.01852e-006	2.63416e-007	1.8889e-006	1.5153e-006	2.4103e-007	1.1048e-006	9.45328e-007	5.82128e-007	9.91306e-007	2.37501e-007	2.25812e-006	
135	2.48198e-007	1.07488e-006	2.64863e-007	1.82009e-006	1.72811e-006	2.41082e-007	1.162e-006	8.14137e-007	5.30111e-007	1.06014e-006	2.37023e-007	2.18082e-006	2.40973e-006	2.29456e-007	1.09672e-006	3.81348e-007	8.20882e-007	1.13491e-006	2.10663e-007	1.9978e-006	
136	4.26199e-007	1.14195e-006	2.37293e-007	2.08944e-006	2.22076e-006	2.29782e-007	1.158e-006	3.44931e-007	7.45234e-007	1.2394e-006	2.09238e-007	2.42916e-006	1.84777e-006	2.21953e-007	1.12317e-006	3.22028e-007	1.06788e-006	1.38056e-006	2.54485e-007	1.60254e-006	
137	6.20441e-007	1.37273e-006	2.08689e-007	2.31614e-006	1.64235e-006	2.22459e-007	1.19341e-006	3.25217e-007	9.69511e-007	1.58639e-006	2.53903e-007	1.78825e-006	1.2721e-006	2.18467e-007	1.18984e-006	2.97303e-007	1.31172e-006	2.05775e-006	2.46718e-007	1.46254e-006	
138	8.25441e-007	1.95839e-006	2.53601e-007	2.26211e-006	1.0546e-006	2.18959e-007	1.2774e-006	2.99259e-007	1.19038e-006	2.35253e-006	2.40947e-007	1.60976e-006	6.85648e-007	2.15753e-007	1.27143e-006	2.68621e-007	1.5396e-006	2.07278e-006	2.34971e-007	1.41533e-006	
139	1.02851e-006	2.12432e-006	2.41137e-007	1.86741e-006	4.59679e-007	2.16269e-007	1.40378e-006	2.697e-007	1.39695e-006	1.82391e-006	2.32208e-007	1.56052e-006	3.70721e-007	2.14689e-007	1.54335e-006	2.38241e-007	1.74058e-006	1.50333e-006	2.27218e-007	1.43476e-006	
140	1.22019e-006	1.59206e-006	2.32695e-007	1.80583e-006	3.70682e-007	2.16938e-007	1.80689e-006	2.38789e-007	1.57917e-006	1.25101e-006	2.27492e-007	1.60022e-006	3.53167e-007	2.18131e-007	2.4529e-006	2.55645e-007	1.90447e-006	9.00444e-007	2.23141e-007	1.47342e-006	
141	1.3911e-006	1.02184e-006	2.28018e-007	1.90002e-006	3.52083e-007	2.205e-007	2.28453e-006	2.56207e-007	1.72768e-006	6.51279e-007	2.2351e-007	1.70837e-006	3.28353e-007	2.22455e-007	2.02046e-006	2.45549e-007	2.02235e-006	3.34957e-007	2.19907e-007	1.72466e-006	
142	1.53242e-006	4.30442e-007	2.24115e-007	2.46463e-006	2.9914e-007	2.24953e-007	1.8557e-006	2.46349e-007	1.83422e-006	3.37703e-007	2.21232e-007	2.44594e-006	2.9911e-007	4.23409e-007	1.53215e-006	2.39759e-007	2.08692e-006	3.306e-007	2.21095e-007	2.44334e-006	
143	1.63625e-006	3.41522e-007	2.23591e-007	2.30954e-006	2.55927e-007	2.30299e-007	1.37479e-006	2.40584e-007	1.89201e-006	3.33442e-007	2.23546e-007	2.26889e-006	2.46487e-007	6.25066e-007	1.01296e-006	2.34529e-007	2.09309e-006	3.19944e-007	2.24188e-007	2.15029e-006	
144	1.69603e-006	3.38025e-007	2.25974e-007	2.08594e-006	2.33104e-007	4.13466e-007	8.57404e-007	2.3542e-007	1.84308e-006	3.2316e-007	2.26759e-007	1.97735e-006	2.07914e-007	8.17096e-007	4.69709e-007	2.30039e-007	2.00081e-006	3.04306e-007	2.28191e-007	1.79343e-006	
145	1.66162e-006	3.28655e-007	2.29267e-007	1.79951e-006	2.1051e-007	6.25427e-007	3.53251e-007	2.31039e-007	1.81533e-006	3.08128e-007	2.30893e-007	1.62634e-006	2.55228e-007	9.90321e-007	3.59087e-007	2.28586e-007	1.9098e-006	2.85279e-007	2.33117e-007	1.38303e-006	
146	1.64588e-006	3.14605e-007	2.33494e-007	1.45821e-006	2.56104e-007	8.21564e-007	3.68925e-007	2.30817e-007	1.73292e-006	2.89867e-007	2.3596e-007	1.22575e-006	2.49378e-007	1.13615e-006	3.66364e-007	2.3025e-007	1.76086e-006	2.64439e-007	2.38966e-007	9.3071e-007	
147	1.57965e-006	2.97318e-007	2.3867e-007	1.07118e-006	2.50447e-007	9.92607e-007	3.7836e-007	2.32541e-007	1.59718e-006	2.69875e-007	2.4196e-007	7.86112e-007	2.4408e-007	1.20407e-006	3.67036e-007	2.32845e-007	1.55756e-006	2.43149e-007	2.45665e-007	4.48498e-007	
148	1.46359e-006	2.78238e-007	2.44763e-007	6.47906e-007	2.45368e-007	1.09675e-006	3.81014e-007	2.35218e-007	1.41105e-006	2.49458e-007	2.48787e-007	4.16354e-007	2.39578e-007	1.29908e-006	3.61432e-007	2.36409e-007	1.30486e-006	2.22486e-007	2.53205e-007	4.05097e-007	
149	1.29985e-006	2.58644e-007	2.5173e-007	4.39724e-007	2.41921e-007	1.22075e-006	3.77039e-007	2.38884e-007	1.17864e-006	2.29657e-007	2.56503e-007	4.27732e-007	2.39491e-007	1.35055e-006	3.50482e-007	2.40969e-007	1.00858e-006	2.03255e-007	3.7918e-007	4.10318e-007	
150	1.09163e-006	2.39569e-007	2.59606e-007	4.51817e-007	2.42391e-007	1.30141e-006	3.67253e-007	2.43572e-007	9.04797e-007	2.11256e-007	2.79051e-007	4.3205e-007	2.40753e-007	1.35528e-006	3.35506e-007	2.46504e-007	6.74911e-007	2.5523e-007	6.46772e-007	4.20622e-007	
151	8.42734e-007	2.21804e-007	2.33425e-007	4.55798e-007	2.43805e-007	1.3347e-006	3.52949e-007	2.49223e-007	5.94558e-007	2.57736e-007	5.67865e-007	4.35516e-007	2.43003e-007	1.31166e-006	3.17964e-007	2.53005e-007	4.92999e-007	2.51579e-007	8.84886e-007	4.28489e-007	
152	5.57065e-007	2.05928e-007	4.78896e-007	4.53985e-007	2.46223e-007	1.31823e-006	3.35627e-007	2.55903e-007	5.19918e-007	2.55184e-007	8.26995e-007	4.45011e-007	2.4629e-007	1.21948e-006	2.99238e-007	2.04735e-007	5.17381e-007	2.51615e-007	1.0846e-006	4.28453e-007	
153	5.49704e-007	2.59008e-007	7.58896e-007	4.61757e-007	2.49692e-007	1.25108e-006	3.16757e-007	2.15966e-007	5.46397e-007	2.55341e-007	1.04716e-006	4.46172e-007	2.50613e-007	1.07954e-006	2.80508e-007	2.36029e-007	5.31624e-007	2.52556e-007	1.23849e-006	4.21051e-007	
154	5.78766e-007	2.59231e-007	9.99786e-007	4.64437e-007	2.54177e-007	1.13341e-006	2.97621e-007	2.4884e-007	5.61971e-007	2.56406e-007	1.22066e-006	4.39445e-007	2.55994e-007	8.93104e-007	2.62707e-007	2.73113e-007	5.35581e-007	2.54472e-007	1.34096e-006	4.07567e-007	
155	5.96387e-007	2.04172e-007	1.19368e-006	4.58683e-007	2.59772e-007	9.6585e-007	2.79247e-007	2.88102e-007	5.66275e-007	2.58451e-007	1.34173e-006	4.26112e-007	2.11894e-007	6.61411e-007	2.46535e-007	3.17287e-007	5.3001e-007	2.57417e-007	1.38837e-006	3.8972e-007	
156	6.01365e-007	2.11801e-007	1.33482e-006	4.45747e-007	2.26608e-007	7.48902e-007	2.6241e-007	3.35327e-007	5.60283e-007	2.0825e-007	1.40679e-006	4.07974e-007	2.40364e-007	6.71602e-007	2.39892e-007	6.1914e-007	5.19879e-007	2.07751e-007	1.37895e-006	3.69324e-007	
157	5.95071e-007	2.23155e-007	1.41994e-006	4.27497e-007	2.56865e-007	7.2626e-007	2.53794e-007	5.88396e-007	5.48105e-007	2.23149e-007	1.41436e-006	3.86971e-007	2.75151e-007	7.11077e-007	2.40874e-007	9.07209e-007	5.25963e-007	2.2627e-007	1.31234e-006	3.48026e-007	
158	5.81336e-007	2.38785e-007	1.44831e-006	4.05998e-007	2.94056e-007	7.71497e-007	2.54712e-007	8.86387e-007	5.50719e-007	2.42754e-007	1.36465e-006	3.64884e-007	3.17805e-007	7.35027e-007	2.45515e-007	1.1485e-006	5.22769e-007	2.49899e-007	1.1886e-006	3.27173e-007	
159	5.79794e-007	2.59383e-007	1.4216e-006	3.83173e-007	3.4004e-007	7.98838e-007	2.59487e-007	1.13876e-006	5.48288e-007	2.67807e-007	1.25852e-006	3.43169e-007	3.7067e-007	7.413e-007	2.54099e-007	1.33989e-006	5.10425e-007	2.79561e-007	1.00694e-006	3.07781e-007	
160	5.78055e-007	2.85797e-007	1.34302e-006	3.60607e-007	3.97665e-007	8.05819e-007	2.68364e-007	1.3448e-006	5.35846e-007	2.99382e-007	1.09568e-006	3.22925e-007	4.37385e-007	7.30697e-007	2.67039e-007	1.48374e-006	4.91086e-007	3.16627e-007	9.63461e-007	2.9536e-007	
161	5.65191e-007	3.19272e-007	1.21545e-006	3.39495e-007	4.71473e-007	7.92876e-007	2.81941e-007	1.51218e-006	5.15708e-007	3.39088e-007	1.08786e-006	3.10617e-007	5.96599e-007	7.08696e-007	2.85167e-007	1.59155e-006	4.67311e-007	3.63177e-007	1.04021e-006	2.97002e-007	
162	5.43756e-007	3.61681e-007	1.27165e-006	3.27512e-007	6.06055e-007	7.66253e-007	3.0108e-007	1.66697e-006	4.90678e-007	3.89393e-007	1.19048e-006	3.1285e-007	9.14676e-007	6.92746e-007	3.09381e-007	1.69602e-006	4.41548e-007	4.22465e-007	1.08555e-006	3.03241e-007	
163	5.16892e-007	4.15946e-007	1.43674e-006	3.30423e-007	9.26789e-007	7.39618e-007	3.2681e-007	1.90713e-006	4.63446e-007	4.54232e-007	1.25276e-006	3.19945e-007	1.20856e-006	6.86588e-007	3.40991e-007	1.93381e-006	4.15825e-007	4.99827e-007	1.09198e-006	3.14485e-007	
164	4.80104e-007	4.86824e-007	1.55103e-006	3.38504e-007	1.24023e-006	7.2956e-007	3.60666e-007	2.64249e-006	4.30276e-007	5.4025e-007	1.25983e-006	3.32564e-007	1.523e-006	6.65071e-007	3.81992e-007	2.3673e-006	3.8672e-007	6.0468e-007	1.06312e-006	3.31807e-007	
165	4.40431e-007	5.82624e-007	1.56386e-006	3.52705e-007	1.64347e-006	7.02485e-007	4.05014e-007	2.31804e-006	3.96016e-007	6.59727e-007	1.21679e-006	3.51845e-007	2.15964e-006	6.32718e-007	4.35529e-007	2.0726e-006	3.57453e-007	7.55787e-007	1.00949e-006	3.56365e-007	
166	4.12113e-007	7.19567e-007	1.48059e-006	3.74261e-007	2.69005e-006	6.52321e-007	4.63676e-007	1.64801e-006	3.7176e-007	8.39189e-007	1.14264e-006	3.79178e-007	2.40399e-006	5.85913e-007	5.06841e-007	1.73251e-006	3.43575e-007	1.0002e-006	9.4669e-007	3.89892e-007	
167	3.92872e-007	9.36379e-007	1.35488e-006	4.04861e-007	2.29335e-006	5.93261e-007	5.43219e-007	1.4904e-006	3.72901e-007	1.15781e-006	1.05933e-006	4.16691e-007	1.98635e-006	5.34811e-007	6.05372e-007	1.67437e-006	3.58059e-007	1.56285e-006	8.84761e-007	4.35116e-007	
168	4.06179e-007	1.38433e-006	1.22727e-006	4.47158e-007	1.52611e-006	5.50131e-007	6.5607e-007	1.43917e-006	3.90095e-007	2.33579e-006	9.75056e-007	4.67825e-007	1.23872e-006	4.97107e-007	7.50456e-007	1.68106e-006	3.78185e-007	2.08075e-006	8.26535e-007	4.96572e-007	
169	4.26674e-007	1.9317e-006	1.10737e-006	5.05557e-007	8.96048e-007	5.18145e-007	8.29834e-007	1.45398e-006	4.13917e-007	1.93988e-006	7.85408e-007	5.38491e-007	8.72856e-007	4.86287e-007	9.9226e-007	1.74298e-006	4.05481e-007	1.63782e-006	7.08256e-007	5.82367e-007	
170	4.55104e-007	1.44296e-006	8.17228e-007	5.87948e-007	6.69709e-007	5.30323e-007	1.1502e-006	1.52481e-006	4.46351e-007	1.14345e-006	7.19631e-007	6.39813e-007	7.16997e-007	5.03959e-007	1.5906e-006	1.84823e-006	4.42133e-007	9.34108e-007	6.51247e-007	7.08764e-007	
171	4.94118e-007	9.36111e-007	7.90189e-007	7.10168e-007	5.27921e-007	5.52053e-007	2.1223e-006	1.63933e-006	4.90359e-007	7.33138e-007	7.16296e-007	7.96064e-007	6.42833e-007	5.29732e-007	1.7781e-006	1.99235e-006	4.91506e-007	5.87445e-007	6.59962e-007	9.15739e-007	
172	5.47867e-007	5.33757e-007	8.04707e-007	9.10989e-007	4.67503e-007	5.83993e-007	1.52433e-006	1.47406e-006	5.50725e-007	3.98538e-007	7.33118e-007	1.07841e-006	6.44149e-007	5.66693e-007	1.21482e-006	1.19748e-006	5.58837e-007	3.2219e-007	6.7996e-007	1.36573e-006	
173	6.23427e-007	2.07255e-007	8.27562e-007	1.34467e-006	4.81472e-007	6.30303e-007	9.607e-007	1.52154e-006	7.43998e-007	1.45061e-007	7.5978e-007	2.20676e-006	7.11269e-007	6.19485e-007	6.98851e-007	1.21997e-006	7.93811e-007	1.40484e-007	7.10272e-007	1.88092e-006	
174	6.97358e-007	0	8.64127e-007	1.89509e-006	5.59484e-007	6.97829e-007	4.46454e-007	1.56273e-006	9.9617e-007	0	8.00611e-007	1.56998e-006	1.51035e-006	6.96103e-007	2.43548e-007	1.24781e-006	1.14131e-006	4.03088e-008	7.56575e-007	1.25693e-006	
175	8.59262e-007	0	9.3216e-007	1.25788e-006	1.27249e-006	7.99526e-007	0	1.62539e-006	1.56289e-006	0	8.69827e-007	9.47365e-007	1.47586e-006	7.56661e-007	0	1.29579e-006	2.13358e-006	1.57097e-008	8.27331e-007	6.60399e-007	
176	1.19911e-006	0	1.09713e-006	6.38492e-007	1.24057e-006	8.96193e-007	0	1.80805e-006	1.76514e-006	0	1.00578e-006	3.56142e-007	1.45803e-006	9.27178e-007	0	1.53866e-006	1.49688e-006	6.92608e-007	9.38866e-007	1.07926e-007	
177	2.04643e-006	0	1.36694e-006	5.43895e-008	1.22314e-006	1.17372e-006	0	1.95865e-006	1.12816e-006	4.3336e-007	1.21328e-006	0	1.44524e-006	1.31095e-006	0	2.08095e-006	8.57307e-007	6.22184e-007	1.02093e-006	0	
178	1.35396e-006	3.44703e-007	2.20602e-006	0	1.42866e-006	2.14051e-006	0	1.726e-006	9.33142e-007	3.56043e-007	1.33477e-006	0	1.56126e-006	1.96398e-006	0	1.76997e-006	6.98883e-007	5.53009e-007	1.35309e-006	0	
179	6.29233e-007	2.4984e-007	2.46379e-006	0	1.54291e-006	1.53182e-006	0	1.66628e-006	4.15997e-007	4.17216e-007	2.12994e-006	0	1.56012e-006	1.30031e-006	0	1.71615e-006	2.17221e-007	8.79577e-007	2.02175e-006	0	
PloughingZone Area: theta Ac1 Ac2 ..
0	0	0	0	0	0	0	0	0	0	0	0	0	0	0	0	0	0	0	0	0	
1	0	0	0	0	0	0	0	0	0	0	0	0	0	0	0	0	0	0	0	0	
2	0	0	4.36684e-007	0	0	1.96411e-006	0	0	0	0	1.245e-006	0	0	1.86797e-006	0	0	0	0	1.72576e-006	0	
3	0	0	2.26298e-006	0	0	2.47232e-006	0	0	0	0	2.60955e-006	0	0	2.19152e-006	0	0	0	0	2.86566e-006	0	
4	0	0	3.20176e-006	0	0	2.706e-006	0	0	0	0	3.25697e-006	0	0	2.36317e-006	0	1.76841e-006	0	0	3.25397e-006	0	
5	0	0	3.64151e-006	0	0	1.85683e-006	0	2.33892e-006	0	0	3.61946e-006	0	0	1.15772e-006	0	3.3777e-006	0	0	3.54325e-006	0	
6	0	0	3.98227e-006	0	1.06137e-006	1.50087e-006	0	3.6459e-006	0	0	3.88678e-006	0	1.70328e-006	4.46668e-007	0	3.95772e-006	0	0	2.93438e-006	0	
7	0	0	3.44423e-006	0	2.59958e-006	1.05852e-006	0	4.36885e-006	0	0	3.14972e-006	0	3.10751e-006	0	0	4.4269e-006	0	3.40451e-007	2.75571e-006	0	
8	0	5.19373e-007	3.33555e-006	0	3.48568e-006	3.01861e-007	0	4.81591e-006	0	1.43313e-006	2.96079e-006	0	3.88777e-006	0	0	4.79978e-006	0	2.04419e-006	2.53248e-006	0	
9	0	2.06543e-006	3.17931e-006	0	4.23431e-006	0	0	4.32949e-006	0	2.56667e-006	2.74553e-006	0	4.5333e-006	0	0	4.16322e-006	0	3.03394e-006	2.26183e-006	0	
10	0	3.03978e-006	2.97443e-006	0	4.86987e-006	0	1.31761e-006	4.35631e-006	0	3.46057e-006	2.49385e-006	0	5.07325e-006	0	1.77421e-006	4.10171e-006	0	3.86279e-006	1.96438e-006	0	
11	0	3.86831e-006	2.74107e-006	0	5.38224e-006	0	2.44528e-006	4.32319e-006	0	4.23476e-006	2.22643e-006	0	4.78836e-006	0	2.7965e-006	4.00395e-006	0	4.58282e-006	1.66133e-006	0	
12	0	4.48384e-006	2.49813e-006	0	4.94597e-006	0	3.3514e-006	4.22775e-006	0	4.82166e-006	1.96425e-006	7.73295e-007	4.95798e-006	0	3.66312e-006	3.85611e-006	0	5.13984e-006	1.37684e-006	1.35095e-006	
13	0	4.42661e-006	2.26582e-006	1.71463e-006	5.09989e-006	0	3.97256e-006	4.08617e-006	0	4.64569e-006	1.73167e-006	2.09261e-006	5.04896e-006	0	4.27253e-006	3.67489e-006	0	4.8328e-006	1.15031e-006	2.448e-006	
14	9.02865e-007	4.85837e-006	2.06647e-006	2.68812e-006	5.18792e-006	0	4.09302e-006	3.91399e-006	1.31072e-006	5.0057e-006	1.55982e-006	3.0076e-006	5.0706e-006	0	4.32122e-006	3.47687e-006	1.68044e-006	5.1215e-006	1.04035e-006	3.30967e-006	
15	1.88434e-006	5.20543e-006	1.92458e-006	3.50794e-006	5.21131e-006	5.9817e-007	4.69275e-006	3.72722e-006	2.22928e-006	5.28503e-006	1.49024e-006	3.79517e-006	5.03451e-006	8.69093e-007	4.86137e-006	3.2791e-006	2.56828e-006	5.3393e-006	1.08703e-006	4.05858e-006	
16	2.65777e-006	5.4782e-006	1.8718e-006	4.23932e-006	5.18116e-006	1.38137e-006	5.20622e-006	3.54231e-006	3.00555e-006	5.49809e-006	1.53885e-006	4.49516e-006	4.953e-006	1.65775e-006	5.31676e-006	3.09897e-006	3.34428e-006	5.48746e-006	1.28788e-006	4.71998e-006	
17	3.36732e-006	5.68806e-006	1.92035e-006	4.89632e-006	5.10936e-006	2.01317e-006	5.6386e-006	3.3759e-006	3.72033e-006	5.64566e-006	1.70751e-006	5.11711e-006	4.83916e-006	2.32439e-006	5.69302e-006	2.95385e-006	4.05774e-006	5.57453e-006	1.60168e-006	5.30076e-006	
18	4.03716e-006	5.83546e-006	2.07203e-006	5.48136e-006	5.00853e-006	2.62049e-006	5.99427e-006	3.24426e-006	4.38916e-006	5.73567e-006	1.97895e-006	5.66318e-006	4.70669e-006	2.96169e-006	5.99538e-006	2.86029e-006	4.71825e-006	5.60971e-006	1.99204e-006	5.80328e-006	
19	4.67057e-006	5.92789e-006	2.31806e-006	5.99418e-006	4.8918e-006	3.22418e-006	6.27766e-006	3.16274e-006	5.01274e-006	5.77682e-006	2.33117e-006	6.134e-006	4.56964e-006	3.5865e-006	6.23265e-006	2.8329e-006	5.32498e-006	5.6029e-006	2.43746e-006	6.22922e-006	
20	5.26416e-006	5.97362e-006	2.64396e-006	6.43446e-006	4.77258e-006	3.82659e-006	6.49726e-006	3.14447e-006	5.58731e-006	5.77858e-006	2.74587e-006	6.53053e-006	4.44209e-006	4.20003e-006	6.41014e-006	2.88715e-006	5.87439e-006	5.56468e-006	2.92493e-006	6.58065e-006	
21	5.77869e-006	5.98164e-006	3.03501e-006	6.80264e-006	4.66425e-006	4.42404e-006	6.65762e-006	3.20045e-006	6.05783e-006	5.75107e-006	3.20914e-006	6.85437e-006	4.33784e-006	4.79777e-006	6.5295e-006	3.02553e-006	6.31033e-006	5.50614e-006	3.44471e-006	6.86013e-006	
22	6.08752e-006	5.96157e-006	3.47829e-006	7.09601e-006	4.5798e-006	5.00522e-006	6.76079e-006	3.33949e-006	6.32748e-006	5.70484e-006	3.7098e-006	7.10779e-006	4.26979e-006	5.31612e-006	6.59762e-006	3.24321e-006	6.55685e-006	5.43872e-006	3.9881e-006	7.07087e-006	
23	6.29546e-006	5.92341e-006	3.96261e-006	7.32013e-006	4.53114e-006	5.3779e-006	6.8136e-006	3.55434e-006	6.53821e-006	5.65067e-006	4.23796e-006	7.2941e-006	4.24913e-006	5.59793e-006	6.62218e-006	3.53419e-006	6.76535e-006	5.37387e-006	4.54625e-006	7.22369e-006	
24	6.50482e-006	5.87734e-006	4.47739e-006	7.46421e-006	4.52844e-006	5.5668e-006	6.82363e-006	3.84e-006	6.74238e-006	5.59929e-006	4.73808e-006	7.42526e-006	4.28463e-006	5.80078e-006	6.61147e-006	3.88988e-006	6.96005e-006	5.32268e-006	4.99842e-006	7.31863e-006	
25	6.71296e-006	5.83357e-006	4.8905e-006	7.5787e-006	4.57953e-006	5.78633e-006	6.79909e-006	4.18881e-006	6.93772e-006	5.56107e-006	5.00986e-006	7.49936e-006	4.38205e-006	6.02593e-006	6.57439e-006	4.30039e-006	7.13917e-006	5.29548e-006	5.16449e-006	7.36045e-006	
26	6.91748e-006	5.802e-006	5.0341e-006	7.66465e-006	4.68943e-006	6.03277e-006	6.74892e-006	4.59152e-006	7.12239e-006	5.54571e-006	5.186e-006	7.52224e-006	4.54388e-006	6.26987e-006	6.52038e-006	4.73068e-006	7.30147e-006	5.30144e-006	5.37149e-006	7.35599e-006	
27	7.11612e-006	5.79196e-006	5.23076e-006	7.66616e-006	4.86014e-006	6.30216e-006	6.68272e-006	4.97875e-006	7.29478e-006	5.56184e-006	5.41501e-006	7.50077e-006	4.77631e-006	6.52895e-006	6.45935e-006	4.98684e-006	7.44611e-006	5.34814e-006	5.62422e-006	7.31297e-006	
28	7.30666e-006	5.81173e-006	5.48288e-006	7.63048e-006	5.09555e-006	6.59e-006	6.61054e-006	5.1123e-006	7.4535e-006	5.61654e-006	5.69247e-006	7.44281e-006	5.06788e-006	6.79902e-006	6.40136e-006	5.12136e-006	7.57264e-006	5.44121e-006	5.91803e-006	7.24007e-006	
29	7.48691e-006	5.86823e-006	5.78548e-006	7.56059e-006	5.38854e-006	6.89109e-006	6.54268e-006	5.2673e-006	7.59745e-006	5.71511e-006	5.61862e-006	7.35717e-006	5.39185e-006	7.0754e-006	6.35636e-006	5.32184e-006	7.68104e-006	5.584e-006	5.84567e-006	7.14678e-006	
30	7.65484e-006	5.96667e-006	5.72436e-006	7.46537e-006	5.65367e-006	7.19951e-006	6.48929e-006	5.48739e-006	7.72589e-006	6.00541e-006	5.63837e-006	7.25347e-006	5.54038e-006	7.35294e-006	6.33376e-006	5.58422e-006	7.77184e-006	6.16642e-006	5.88166e-006	7.04329e-006	
31	7.80882e-006	6.87023e-006	5.75822e-006	7.35456e-006	5.72581e-006	7.50883e-006	6.46e-006	5.76812e-006	7.83861e-006	6.88755e-006	6.00842e-006	7.14207e-006	5.65263e-006	7.6262e-006	6.34209e-006	5.53575e-006	7.8462e-006	6.76581e-006	6.26205e-006	6.94031e-006	
32	7.94774e-006	7.34312e-006	6.16668e-006	7.23862e-006	5.85952e-006	7.81239e-006	6.46353e-006	5.73614e-006	7.93603e-006	7.23132e-006	6.42877e-006	7.03386e-006	5.82798e-006	7.88979e-006	6.53781e-006	5.53056e-006	7.89632e-006	6.85114e-006	6.68314e-006	6.84878e-006	
33	8.0712e-006	7.51991e-006	6.6221e-006	7.12846e-006	6.05334e-006	8.10372e-006	7.04438e-006	5.73957e-006	8.00978e-006	7.14656e-006	7.25034e-006	6.93987e-006	6.06328e-006	8.10284e-006	7.43213e-006	5.90868e-006	7.79791e-006	6.35457e-006	7.46051e-006	6.77947e-006	
34	8.1342e-006	7.36485e-006	7.46082e-006	7.03516e-006	6.30373e-006	8.34023e-006	7.6124e-006	6.139e-006	7.94233e-006	6.43867e-006	7.98913e-006	6.87092e-006	6.35379e-006	8.3319e-006	7.7914e-006	6.34791e-006	7.68916e-006	6.36503e-006	8.11665e-006	6.74246e-006	
35	8.11459e-006	6.65363e-006	8.18408e-006	6.96946e-006	6.60556e-006	8.5912e-006	7.89882e-006	6.59443e-006	7.84282e-006	6.59357e-006	8.35444e-006	6.83704e-006	6.37185e-006	8.54004e-006	7.98036e-006	6.8342e-006	7.58202e-006	6.55511e-006	8.48476e-006	6.74665e-006	
36	8.02472e-006	6.82132e-006	8.59865e-006	6.94122e-006	6.64102e-006	8.81702e-006	8.03158e-006	7.09127e-006	7.74593e-006	6.79692e-006	8.73729e-006	7.07374e-006	6.36913e-006	8.83152e-006	7.96392e-006	7.35179e-006	7.48698e-006	6.79417e-006	8.83136e-006	7.58922e-006	
37	7.9377e-006	7.03379e-006	8.99204e-006	7.18258e-006	6.64286e-006	9.00602e-006	7.98865e-006	7.9364e-006	7.66178e-006	7.04513e-006	9.09428e-006	7.66915e-006	6.76937e-006	8.77795e-006	7.47831e-006	8.1422e-006	7.41446e-006	7.07751e-006	9.14904e-006	7.87064e-006	
38	7.86324e-006	7.28714e-006	9.35528e-006	7.69699e-006	7.04894e-006	9.01384e-006	7.30576e-006	8.69844e-006	7.60036e-006	7.33321e-006	9.41795e-006	7.89303e-006	7.21454e-006	8.7322e-006	7.26512e-006	8.91023e-006	7.3743e-006	7.399e-006	9.43195e-006	7.98997e-006	
39	7.8109e-006	7.57623e-006	9.681e-006	7.86831e-006	7.49351e-006	8.94391e-006	7.47369e-006	9.13903e-006	7.57104e-006	7.65489e-006	9.70258e-006	7.95138e-006	7.69094e-006	8.62988e-006	7.46197e-006	9.33274e-006	7.37525e-006	7.75124e-006	9.66836e-006	7.92235e-006	
40	7.78963e-006	7.89476e-006	9.96374e-006	7.82855e-006	8.21294e-006	8.86474e-006	7.67734e-006	9.55324e-006	7.58209e-006	8.00277e-006	9.93556e-006	7.66118e-006	8.42267e-006	8.55284e-006	7.69398e-006	9.72238e-006	7.4245e-006	8.12578e-006	9.71695e-006	7.55736e-006	
41	7.80731e-006	8.1991e-006	1.01443e-005	7.58409e-006	8.99624e-006	8.78523e-006	7.91298e-006	9.93168e-006	7.64024e-006	8.33182e-006	9.91547e-006	7.71198e-006	9.19781e-006	8.48588e-006	7.95662e-006	1.0071e-005	7.52721e-006	8.47676e-006	9.65998e-006	7.87711e-006	
42	7.87029e-006	8.5542e-006	1.01109e-005	7.88001e-006	9.41477e-006	8.71446e-006	8.1399e-006	1.02667e-005	7.75019e-006	8.70826e-006	9.8563e-006	8.04404e-006	9.61249e-006	8.4379e-006	8.20807e-006	1.03723e-005	7.6861e-006	8.87104e-006	9.58303e-006	8.09626e-006	
43	7.98297e-006	8.91876e-006	1.00486e-005	8.18664e-006	9.81157e-006	8.66133e-006	8.42429e-006	1.05526e-005	7.91427e-006	9.08871e-006	9.77663e-006	8.26998e-006	9.99853e-006	8.41722e-006	8.51512e-006	1.06137e-005	7.90123e-006	9.26347e-006	9.49452e-006	8.27815e-006	
44	8.11154e-006	9.2846e-006	9.96529e-006	8.48655e-006	1.01776e-005	8.6342e-006	8.72718e-006	1.07776e-005	8.09641e-006	9.46435e-006	9.68488e-006	8.49039e-006	1.03475e-005	8.43122e-006	8.83756e-006	1.06344e-005	8.1339e-006	9.64477e-006	9.40337e-006	8.51967e-006	
45	8.32658e-006	9.64351e-006	9.86924e-006	8.70798e-006	1.0505e-005	8.64049e-006	9.04282e-006	1.07608e-005	8.36443e-006	9.82657e-006	9.58994e-006	8.73198e-006	1.06525e-005	8.48594e-006	9.16898e-006	1.05842e-005	8.45046e-006	1.00061e-005	9.31867e-006	8.78103e-006	
46	8.59163e-006	9.98752e-006	9.7694e-006	8.94752e-006	1.07878e-005	8.68632e-006	9.36519e-006	1.07049e-005	8.68053e-006	1.01673e-005	9.5009e-006	8.99056e-006	1.09085e-005	8.58572e-006	9.5027e-006	1.05055e-005	8.81134e-006	1.03395e-005	9.24937e-006	9.05767e-006	
47	8.90263e-006	1.03092e-005	9.67487e-006	9.2011e-006	1.10215e-005	8.77616e-006	9.68806e-006	1.06213e-005	9.03863e-006	1.04792e-005	9.42672e-006	9.26172e-006	1.12095e-005	8.73298e-006	9.83197e-006	1.04061e-005	9.12698e-006	1.06382e-005	9.2039e-006	9.34484e-006	
48	9.2536e-006	1.06019e-005	9.59463e-006	9.46456e-006	1.12035e-005	8.91254e-006	1.00052e-005	1.05179e-005	9.3224e-006	1.07562e-005	9.37579e-006	9.54103e-006	1.11927e-005	8.92805e-006	1.01501e-005	1.02947e-005	9.32516e-006	1.08964e-005	9.18976e-006	9.63776e-006	
49	9.49245e-006	1.08601e-005	9.53712e-006	9.73385e-006	1.12697e-005	9.096e-006	1.03105e-005	1.04033e-005	9.50141e-006	1.09932e-005	9.35562e-006	9.82413e-006	1.11716e-005	9.1692e-006	1.04508e-005	1.01802e-005	9.53366e-006	1.11101e-005	9.21316e-006	9.93166e-006	
50	9.64755e-006	1.10793e-005	9.50991e-006	1.00051e-005	1.12129e-005	9.32501e-006	1.05981e-005	1.02865e-005	9.68917e-006	1.11868e-005	9.37245e-006	9.91147e-006	1.10603e-005	9.45273e-006	1.07282e-005	1.00719e-005	9.74955e-006	1.12768e-005	9.27873e-006	1.00157e-005	
51	9.81073e-006	1.12562e-005	9.51929e-006	1.00782e-005	1.11293e-005	9.59612e-006	1.08626e-005	1.01768e-005	9.88349e-006	1.13347e-005	1.01237e-005	9.72853e-006	1.09583e-005	9.68834e-006	1.09769e-005	9.97887e-006	9.97025e-006	1.13952e-005	1.01773e-005	9.84602e-006	
52	9.98069e-006	1.1389e-005	1.0574e-005	9.85414e-006	1.10262e-005	9.73325e-006	1.10991e-005	1.00832e-005	1.00826e-005	1.14361e-005	1.06401e-005	9.96408e-006	1.08428e-005	9.75667e-006	1.11927e-005	9.90958e-006	1.00369e-005	1.146e-005	1.05733e-005	1.00985e-005	
53	1.00209e-005	1.14771e-005	1.10322e-005	1.00715e-005	1.09116e-005	9.77627e-006	1.13036e-005	1.00141e-005	1.0125e-005	1.14916e-005	1.10069e-005	1.02004e-005	1.07224e-005	9.83716e-006	1.13719e-005	1.04835e-005	9.75978e-006	1.14325e-005	1.08712e-005	1.03463e-005	
54	9.68987e-006	1.15213e-005	1.13857e-005	1.02908e-005	1.07937e-005	9.83413e-006	1.14725e-005	1.10253e-005	9.79246e-006	1.14983e-005	1.12586e-005	1.04333e-005	1.06059e-005	9.93085e-006	1.1512e-005	1.12393e-005	9.90694e-006	1.13442e-005	1.0883e-005	1.05845e-005	
55	9.78179e-006	1.15232e-005	1.15186e-005	1.05084e-005	1.06813e-005	9.90881e-006	1.16036e-005	1.16296e-005	9.92058e-006	1.14476e-005	1.11947e-005	1.06585e-005	1.05021e-005	9.9117e-006	1.16116e-005	1.17164e-005	1.00661e-005	1.12416e-005	1.07315e-005	1.08081e-005	
56	9.8933e-006	1.1486e-005	1.14503e-005	1.07203e-005	1.05827e-005	9.86607e-006	1.16953e-005	1.20726e-005	1.00645e-005	1.13467e-005	1.10577e-005	1.08713e-005	1.14284e-005	9.46359e-006	1.16704e-005	1.20966e-005	1.02366e-005	1.11322e-005	1.04635e-005	1.11917e-005	
57	1.00255e-005	1.14135e-005	1.13169e-005	1.09221e-005	1.19545e-005	9.35961e-006	1.17473e-005	1.2365e-005	1.02237e-005	1.12395e-005	1.08438e-005	1.1067e-005	1.21704e-005	9.49518e-006	1.16889e-005	1.21878e-005	1.04163e-005	1.10237e-005	9.64607e-006	1.17733e-005	
58	1.01774e-005	1.13106e-005	1.10363e-005	1.11093e-005	1.25774e-005	9.3882e-006	1.17602e-005	1.23922e-005	1.03958e-005	1.11333e-005	1.04073e-005	1.14107e-005	1.26877e-005	9.56224e-006	1.16691e-005	1.21555e-005	1.06021e-005	1.1747e-005	9.10729e-006	1.18812e-005	
59	1.03468e-005	1.17057e-005	1.01894e-005	1.12775e-005	1.30476e-005	9.45901e-006	1.17356e-005	1.23484e-005	1.05777e-005	1.23635e-005	9.01159e-006	1.19609e-005	1.3023e-005	9.66667e-006	1.16138e-005	1.2061e-005	1.07902e-005	1.26371e-005	9.05633e-006	1.1953e-005	
60	1.05301e-005	1.27218e-005	9.63765e-006	1.15789e-005	1.3237e-005	9.57303e-006	1.16764e-005	1.22449e-005	1.07653e-005	1.29976e-005	8.9678e-006	1.20273e-005	1.31398e-005	9.80779e-006	1.15269e-005	1.18388e-005	1.09761e-005	1.31458e-005	9.05838e-006	1.19881e-005	
61	1.07228e-005	1.32439e-005	8.89075e-006	1.20904e-005	1.3332e-005	9.72862e-006	1.15861e-005	1.20118e-005	1.09541e-005	1.33801e-005	8.98286e-006	1.2058e-005	1.31732e-005	9.98278e-006	1.22465e-005	1.10357e-005	1.11554e-005	1.3454e-005	9.11758e-006	1.19865e-005	
62	1.09198e-005	1.35987e-005	8.92159e-006	1.21179e-005	1.3347e-005	9.92213e-006	1.2739e-005	1.11598e-005	1.1139e-005	1.36504e-005	9.05959e-006	1.20531e-005	1.31352e-005	1.01872e-005	1.31021e-005	1.06592e-005	1.13232e-005	1.36513e-005	9.23452e-006	1.19497e-005	
63	1.11158e-005	1.38367e-005	9.01773e-006	1.21108e-005	1.32929e-005	1.01482e-005	1.34095e-005	1.07885e-005	1.1315e-005	1.38183e-005	9.19743e-006	1.20135e-005	1.29842e-005	1.04153e-005	1.3607e-005	1.02391e-005	1.14748e-005	1.37559e-005	9.40689e-006	1.18798e-005	
64	1.13052e-005	1.39779e-005	9.17755e-006	1.207e-005	1.31243e-005	1.04001e-005	1.38511e-005	1.038e-005	1.14769e-005	1.38977e-005	9.393e-006	1.25307e-005	1.22291e-005	1.06604e-005	1.39575e-005	9.7079e-006	1.17545e-005	1.37793e-005	9.62995e-006	1.31365e-005	
65	1.14821e-005	1.40338e-005	9.39666e-006	1.30599e-005	1.2316e-005	1.06699e-005	1.41584e-005	9.8809e-006	1.17722e-005	1.38989e-005	9.64049e-006	1.34883e-005	1.19065e-005	1.09149e-005	1.4194e-005	8.891e-006	1.22524e-005	1.37315e-005	9.89681e-006	1.37611e-005	
66	1.17968e-005	1.40138e-005	9.66818e-006	1.37681e-005	1.19887e-005	1.09494e-005	1.43588e-005	8.93683e-006	1.22881e-005	1.38313e-005	9.93195e-006	1.40158e-005	1.15562e-005	1.11712e-005	1.43334e-005	9.05656e-006	1.22516e-005	1.35741e-005	1.01989e-005	1.41811e-005	
67	1.23318e-005	1.39269e-005	9.98319e-006	1.42246e-005	1.16344e-005	1.12298e-005	1.44655e-005	9.12468e-006	1.22959e-005	1.36558e-005	1.02578e-005	1.4381e-005	1.11809e-005	1.14212e-005	1.43859e-005	9.28724e-006	1.3204e-005	1.27725e-005	1.05263e-005	1.44718e-005	
68	1.23511e-005	1.37357e-005	1.03312e-005	1.45425e-005	1.1254e-005	1.15023e-005	1.44874e-005	9.37609e-006	1.3436e-005	1.2819e-005	1.06073e-005	1.46287e-005	1.07671e-005	1.16571e-005	1.436e-005	9.57563e-006	1.38873e-005	1.24587e-005	1.08684e-005	1.46567e-005	
69	1.35672e-005	1.2874e-005	1.07006e-005	1.47512e-005	1.08294e-005	1.17585e-005	1.44326e-005	9.68288e-006	1.40243e-005	1.24989e-005	1.09689e-005	1.47756e-005	1.02436e-005	1.20203e-005	1.42636e-005	9.9121e-006	1.43316e-005	1.21131e-005	1.12142e-005	1.47474e-005	
70	1.41055e-005	1.2546e-005	1.10795e-005	1.48634e-005	1.02697e-005	1.21326e-005	1.43091e-005	1.00348e-005	1.44248e-005	1.21469e-005	1.13313e-005	1.48314e-005	9.31291e-006	1.25857e-005	1.41052e-005	1.02853e-005	1.46433e-005	1.17389e-005	1.15529e-005	1.47519e-005	
71	1.44786e-005	1.21854e-005	1.14557e-005	1.48874e-005	9.44655e-006	1.27022e-005	1.41251e-005	1.042e-005	1.47051e-005	1.17641e-005	1.1683e-005	1.48035e-005	9.58354e-006	1.26354e-005	1.38634e-005	1.06829e-005	1.48497e-005	1.13265e-005	1.1874e-005	1.46778e-005	
72	1.47389e-005	1.17913e-005	1.18176e-005	1.48303e-005	9.73149e-006	1.27596e-005	1.38668e-005	1.08257e-005	1.4886e-005	1.13361e-005	1.20133e-005	1.46992e-005	9.90485e-006	1.36999e-005	1.29491e-005	1.10917e-005	1.49626e-005	1.08266e-005	1.23187e-005	1.45327e-005	
73	1.49037e-005	1.13444e-005	1.21544e-005	1.46992e-005	1.00627e-005	1.36738e-005	1.29405e-005	1.12389e-005	1.49772e-005	1.07932e-005	1.24503e-005	1.45261e-005	1.02663e-005	1.42418e-005	1.25712e-005	1.14989e-005	1.49894e-005	9.62602e-006	1.29732e-005	1.43247e-005	
74	1.4982e-005	1.07489e-005	1.25819e-005	1.45018e-005	1.04295e-005	1.42717e-005	1.25403e-005	1.16466e-005	1.49854e-005	9.7677e-006	1.3095e-005	1.42925e-005	1.06561e-005	1.46116e-005	1.21585e-005	1.18919e-005	1.49364e-005	9.89448e-006	1.30774e-005	1.40622e-005	
75	1.49797e-005	9.88918e-006	1.32173e-005	1.42475e-005	1.082e-005	1.46659e-005	1.21046e-005	1.20364e-005	1.49167e-005	1.00404e-005	1.31967e-005	1.40082e-005	1.10616e-005	1.48684e-005	1.17033e-005	1.22591e-005	1.48101e-005	1.0205e-005	1.31344e-005	1.3754e-005	
76	1.49027e-005	1.01608e-005	1.3315e-005	1.39449e-005	1.12218e-005	1.49393e-005	1.16231e-005	1.2397e-005	1.47773e-005	1.03508e-005	1.32485e-005	1.36804e-005	1.14702e-005	1.50308e-005	1.11619e-005	1.25898e-005	1.46182e-005	1.05479e-005	1.36258e-005	1.27818e-005	
77	1.47586e-005	1.04667e-005	1.33602e-005	1.36004e-005	1.16224e-005	1.51145e-005	1.10389e-005	1.28307e-005	1.45776e-005	1.06894e-005	1.36224e-005	1.27045e-005	1.18693e-005	1.51075e-005	1.0089e-005	1.29627e-005	1.43713e-005	1.09123e-005	1.44677e-005	1.23055e-005	
78	1.45565e-005	1.07975e-005	1.35374e-005	1.26251e-005	1.20099e-005	1.52017e-005	9.86241e-006	1.35255e-005	1.4323e-005	1.10457e-005	1.45546e-005	1.21993e-005	1.22473e-005	1.51055e-005	1.00691e-005	1.35504e-005	1.40736e-005	1.12871e-005	1.49327e-005	1.17954e-005	
79	1.43e-005	1.11434e-005	1.46321e-005	1.20947e-005	1.23729e-005	1.52119e-005	1.00708e-005	1.36346e-005	1.402e-005	1.14089e-005	1.50352e-005	1.16661e-005	1.25932e-005	1.50349e-005	1.03247e-005	1.36165e-005	1.37334e-005	1.16609e-005	1.5248e-005	1.1221e-005	
80	1.39968e-005	1.14938e-005	1.51286e-005	1.1541e-005	1.27013e-005	1.51478e-005	1.03176e-005	1.36859e-005	1.36767e-005	1.17681e-005	1.53589e-005	1.10566e-005	1.28974e-005	1.48962e-005	1.06109e-005	1.3624e-005	1.33579e-005	1.20227e-005	1.5455e-005	1.04088e-005	
81	1.36549e-005	1.18385e-005	1.54633e-005	1.08959e-005	1.30594e-005	1.50134e-005	1.05958e-005	1.36776e-005	1.33002e-005	1.2113e-005	1.55731e-005	1.00342e-005	1.32099e-005	1.46959e-005	1.09192e-005	1.38518e-005	1.23872e-005	1.23622e-005	1.55674e-005	9.81596e-006	
82	1.32817e-005	1.21677e-005	1.56811e-005	9.66562e-006	1.3763e-005	1.48152e-005	1.08973e-005	1.4056e-005	1.2337e-005	1.24339e-005	1.56866e-005	9.79853e-006	1.381e-005	1.44412e-005	1.12407e-005	1.49164e-005	1.17955e-005	1.26698e-005	1.55895e-005	9.99855e-006	
83	1.23298e-005	1.24722e-005	1.57952e-005	9.78115e-006	1.38413e-005	1.45606e-005	1.12133e-005	1.50131e-005	1.17337e-005	1.27218e-005	1.5707e-005	9.97302e-006	1.38479e-005	1.41401e-005	1.1566e-005	1.54177e-005	1.11977e-005	1.29371e-005	1.55273e-005	1.02235e-005	
84	1.17193e-005	1.27436e-005	1.58136e-005	9.94577e-006	1.38606e-005	1.42577e-005	1.15348e-005	1.55007e-005	1.11361e-005	1.29689e-005	1.56406e-005	1.01913e-005	1.38251e-005	1.3801e-005	1.18858e-005	1.57467e-005	1.04425e-005	1.31914e-005	1.53868e-005	1.04848e-005	
85	1.11324e-005	1.29744e-005	1.57426e-005	1.01556e-005	1.38193e-005	1.39153e-005	1.18524e-005	1.58192e-005	1.03762e-005	1.3192e-005	1.54933e-005	1.04476e-005	1.37445e-005	1.34328e-005	1.21912e-005	1.59504e-005	9.63802e-006	1.38355e-005	1.51749e-005	1.07751e-005	
86	1.04107e-005	1.31724e-005	1.55885e-005	1.04052e-005	1.37241e-005	1.35429e-005	1.21573e-005	1.60125e-005	9.6227e-006	1.3829e-005	1.52724e-005	1.07346e-005	1.4835e-005	1.24802e-005	1.24736e-005	1.60448e-005	9.71875e-006	1.38603e-005	1.48996e-005	1.10859e-005	
87	9.59331e-006	1.38154e-005	1.53587e-005	1.06875e-005	1.4993e-005	1.25783e-005	1.24411e-005	1.60957e-005	9.69e-006	1.38421e-005	1.49863e-005	1.10442e-005	1.54484e-005	1.18353e-005	1.27256e-005	1.60382e-005	9.85247e-006	1.38313e-005	1.45702e-005	1.14084e-005	
88	9.64631e-006	1.3823e-005	1.50619e-005	1.09944e-005	1.55464e-005	1.19117e-005	1.26961e-005	1.6077e-005	9.8121e-006	1.38022e-005	1.46446e-005	1.13673e-005	1.58321e-005	1.12827e-005	1.29402e-005	1.59372e-005	1.00364e-005	1.37462e-005	1.4197e-005	1.17332e-005	
89	9.75648e-006	1.3776e-005	1.47083e-005	1.13171e-005	1.58992e-005	1.13593e-005	1.29172e-005	1.59631e-005	9.98664e-006	1.37063e-005	1.42583e-005	1.16947e-005	1.60728e-005	1.06871e-005	1.31145e-005	1.57487e-005	1.0266e-005	1.4799e-005	1.32749e-005	1.20511e-005	
90	9.92184e-006	1.40442e-005	1.38607e-005	1.16462e-005	1.61152e-005	1.07786e-005	1.30978e-005	1.57613e-005	1.02093e-005	1.49792e-005	1.33081e-005	1.20169e-005	1.61937e-005	9.84178e-006	1.32407e-005	1.54812e-005	1.05349e-005	1.54341e-005	1.25696e-005	1.23532e-005	
91	1.01383e-005	1.51076e-005	1.31608e-005	1.1972e-005	1.62133e-005	1.00638e-005	1.32315e-005	1.54802e-005	1.04738e-005	1.55357e-005	1.25738e-005	1.23248e-005	1.62052e-005	9.42861e-006	1.37887e-005	1.51446e-005	1.08353e-005	1.58288e-005	1.1997e-005	1.2631e-005	
92	1.03998e-005	1.56137e-005	1.25753e-005	1.22854e-005	1.62029e-005	9.34022e-006	1.37993e-005	1.51302e-005	1.07726e-005	1.58919e-005	1.19895e-005	1.26096e-005	1.61144e-005	9.52989e-006	1.37767e-005	1.47506e-005	1.11583e-005	1.60777e-005	1.14188e-005	1.28769e-005	
93	1.06986e-005	1.59414e-005	1.19805e-005	1.25772e-005	1.6091e-005	9.4453e-006	1.37985e-005	1.47233e-005	1.10966e-005	1.61111e-005	1.14011e-005	1.28635e-005	1.59286e-005	9.69655e-006	1.47923e-005	1.38332e-005	1.14942e-005	1.62049e-005	1.0826e-005	1.3084e-005	
94	1.10255e-005	1.61377e-005	1.13824e-005	1.28394e-005	1.5885e-005	9.6193e-006	1.49413e-005	1.37854e-005	1.14358e-005	1.62119e-005	1.07986e-005	1.30794e-005	1.56565e-005	9.92403e-006	1.54524e-005	1.30636e-005	1.18329e-005	1.62207e-005	1.01534e-005	1.32463e-005	
95	1.13703e-005	1.62178e-005	1.07708e-005	1.30644e-005	1.5594e-005	9.85714e-006	1.5554e-005	1.29984e-005	1.178e-005	1.62031e-005	1.01143e-005	1.32507e-005	1.53082e-005	1.02053e-005	1.58647e-005	1.24467e-005	1.21643e-005	1.61321e-005	9.11992e-006	1.38485e-005	
96	1.17221e-005	1.61894e-005	1.00772e-005	1.32456e-005	1.52284e-005	1.01512e-005	1.59453e-005	1.23737e-005	1.21185e-005	1.60914e-005	9.06688e-006	1.38574e-005	1.48957e-005	1.05312e-005	1.61286e-005	1.18234e-005	1.24783e-005	1.59461e-005	9.26485e-006	1.44505e-005	
97	1.207e-005	1.6059e-005	9.01444e-006	1.38582e-005	1.48004e-005	1.04916e-005	1.6192e-005	1.17432e-005	1.2441e-005	1.58838e-005	9.22872e-006	1.46967e-005	1.39841e-005	1.0891e-005	1.62682e-005	1.11969e-005	1.27658e-005	1.56709e-005	9.4856e-006	1.53529e-005	
98	1.24032e-005	1.58336e-005	9.19241e-006	1.48612e-005	1.38638e-005	1.08667e-005	1.63144e-005	1.1112e-005	1.27378e-005	1.55888e-005	9.46742e-006	1.54614e-005	1.31945e-005	1.12725e-005	1.62928e-005	1.05572e-005	1.3018e-005	1.53165e-005	9.77465e-006	1.58441e-005	
99	1.27113e-005	1.55218e-005	9.448e-006	1.55375e-005	1.30603e-005	1.12638e-005	1.63212e-005	1.0458e-005	1.29999e-005	1.52163e-005	9.77454e-006	1.59137e-005	1.2554e-005	1.16631e-005	1.62084e-005	9.78422e-006	1.32273e-005	1.48941e-005	1.01217e-005	1.6161e-005	
100	1.29848e-005	1.51334e-005	9.77192e-006	1.59538e-005	1.24172e-005	1.16692e-005	1.62181e-005	9.62154e-006	1.32189e-005	1.47775e-005	1.01389e-005	1.6202e-005	1.19076e-005	1.20497e-005	1.60212e-005	8.91728e-006	1.38358e-005	1.44158e-005	1.05143e-005	1.63416e-005	
101	1.32149e-005	1.46798e-005	1.01522e-005	1.6214e-005	1.1767e-005	1.20696e-005	1.60111e-005	8.91317e-006	1.3821e-005	1.42845e-005	1.05472e-005	1.63563e-005	1.12544e-005	1.24199e-005	1.57382e-005	9.14985e-006	1.50607e-005	1.34148e-005	1.09383e-005	1.63983e-005	
102	1.38097e-005	1.41757e-005	1.05747e-005	1.63424e-005	1.1104e-005	1.24515e-005	1.57075e-005	9.16259e-006	1.49976e-005	1.32774e-005	1.09846e-005	1.63873e-005	1.05738e-005	1.27617e-005	1.53682e-005	9.45863e-006	1.55742e-005	1.25874e-005	1.13787e-005	1.63376e-005	
103	1.48485e-005	1.3167e-005	1.1024e-005	1.63484e-005	1.03975e-005	1.28028e-005	1.5316e-005	9.48645e-006	1.54905e-005	1.24446e-005	1.14355e-005	1.63011e-005	9.75041e-006	1.3064e-005	1.4922e-005	9.83183e-006	1.58941e-005	1.19294e-005	1.182e-005	1.61652e-005	
104	1.53522e-005	1.23288e-005	1.14841e-005	1.62377e-005	9.43013e-006	1.31119e-005	1.4852e-005	9.87228e-006	1.57931e-005	1.17779e-005	1.18842e-005	1.61032e-005	8.7972e-006	1.37712e-005	1.44166e-005	1.02552e-005	1.60742e-005	1.12509e-005	1.22475e-005	1.58872e-005	
105	1.565e-005	1.16493e-005	1.19388e-005	1.6019e-005	8.84912e-006	1.37903e-005	1.43236e-005	1.03054e-005	1.59555e-005	1.10837e-005	1.23154e-005	1.58037e-005	9.03759e-006	1.38944e-005	1.38568e-005	1.0713e-005	1.61307e-005	1.0525e-005	1.26468e-005	1.55165e-005	
106	1.58051e-005	1.09331e-005	1.23728e-005	1.56984e-005	9.10354e-006	1.39095e-005	1.37399e-005	1.07696e-005	1.59938e-005	1.0316e-005	1.27148e-005	1.54095e-005	9.35179e-006	1.38975e-005	1.32529e-005	1.11884e-005	1.60666e-005	9.56919e-006	1.30049e-005	1.50588e-005	
107	1.58297e-005	1.01075e-005	1.27718e-005	1.52818e-005	9.42781e-006	1.39099e-005	1.31112e-005	1.12479e-005	1.58502e-005	8.76661e-006	1.3596e-005	1.49277e-005	9.72753e-006	1.47034e-005	1.21535e-005	1.16645e-005	1.58077e-005	8.84142e-006	1.37435e-005	1.45234e-005	
108	1.56209e-005	8.80749e-006	1.36141e-005	1.47786e-005	9.80929e-006	1.43026e-005	1.20115e-005	1.17236e-005	1.55756e-005	8.90369e-006	1.38125e-005	1.43691e-005	1.01504e-005	1.51453e-005	1.12084e-005	1.21249e-005	1.54814e-005	9.05061e-006	1.3904e-005	1.39215e-005	
109	1.53425e-005	8.93964e-006	1.38264e-005	1.41996e-005	1.02334e-005	1.49547e-005	1.10372e-005	1.21803e-005	1.52382e-005	9.11309e-006	1.39141e-005	1.37447e-005	1.06044e-005	1.53015e-005	1.03729e-005	1.25545e-005	1.50985e-005	9.32758e-006	1.39466e-005	1.32642e-005	
110	1.50041e-005	9.14104e-006	1.39204e-005	1.35555e-005	1.06842e-005	1.51038e-005	1.01455e-005	1.2603e-005	1.48477e-005	9.3863e-006	1.39461e-005	1.30651e-005	1.10731e-005	1.52218e-005	9.07923e-006	1.2939e-005	1.46689e-005	9.66137e-006	1.39182e-005	1.25597e-005	
111	1.46153e-005	9.40344e-006	1.39429e-005	1.28561e-005	1.11456e-005	1.50649e-005	8.61987e-006	1.34757e-005	1.44137e-005	9.7125e-006	1.39054e-005	1.23372e-005	1.154e-005	1.50569e-005	8.70944e-006	1.36667e-005	1.41773e-005	1.00391e-005	1.38175e-005	1.18082e-005	
112	1.41854e-005	9.71639e-006	1.38911e-005	1.21065e-005	1.16012e-005	1.49326e-005	8.61128e-006	1.37352e-005	1.39457e-005	1.00791e-005	1.37885e-005	1.15572e-005	1.1989e-005	1.48214e-005	8.79716e-006	1.3863e-005	1.35846e-005	1.04464e-005	1.43214e-005	1.05481e-005	
113	1.37238e-005	1.00678e-005	1.37296e-005	1.12973e-005	1.20358e-005	1.47255e-005	8.6766e-006	1.38578e-005	1.3369e-005	1.04723e-005	1.4112e-005	1.02613e-005	1.24055e-005	1.45262e-005	8.95329e-006	1.39247e-005	1.2897e-005	1.08685e-005	1.46523e-005	9.13635e-006	
114	1.31738e-005	1.04444e-005	1.38545e-005	9.95178e-006	1.24351e-005	1.44557e-005	8.81244e-006	1.39065e-005	1.26795e-005	1.08777e-005	1.45335e-005	8.38565e-006	1.32609e-005	1.41812e-005	9.17109e-006	1.39099e-005	1.21521e-005	1.12904e-005	1.47309e-005	8.31864e-006	
115	1.25047e-005	1.08326e-005	1.44135e-005	8.31278e-006	1.32365e-005	1.41333e-005	9.01275e-006	1.38776e-005	1.19279e-005	1.12812e-005	1.46449e-005	8.21806e-006	1.35569e-005	1.37956e-005	9.44162e-006	1.3817e-005	1.13442e-005	1.16977e-005	1.46851e-005	8.24818e-006	
116	1.17524e-005	1.12186e-005	1.45599e-005	8.12528e-006	1.35218e-005	1.37675e-005	9.26919e-006	1.37698e-005	1.1107e-005	1.16688e-005	1.46212e-005	8.13021e-006	1.36873e-005	1.33776e-005	9.75417e-006	1.35363e-005	1.04233e-005	1.20767e-005	1.45485e-005	8.25795e-006	
117	1.09263e-005	1.15891e-005	1.4558e-005	8.05365e-006	1.3634e-005	1.33665e-005	9.57146e-006	1.34613e-005	1.0141e-005	1.20275e-005	1.45015e-005	8.12459e-006	1.37443e-005	1.28802e-005	1.00968e-005	1.31491e-005	8.96526e-006	1.28643e-005	1.43376e-005	8.34654e-006	
118	9.93e-006	1.19314e-005	1.44538e-005	8.03054e-006	1.36724e-005	1.28758e-005	9.90784e-006	1.30643e-005	8.88917e-006	1.27692e-005	1.43032e-005	8.20032e-006	1.37237e-005	1.2242e-005	1.04567e-005	1.41511e-005	8.33047e-006	1.31842e-005	1.40635e-005	8.50952e-006	
119	8.44669e-006	1.2642e-005	1.42666e-005	8.09184e-006	1.36333e-005	1.22336e-005	1.02657e-005	1.40866e-005	8.25147e-006	1.30819e-005	1.40381e-005	8.35342e-006	1.36237e-005	1.15001e-005	1.08209e-005	1.43428e-005	7.86793e-006	1.33109e-005	1.37355e-005	8.73972e-006	
120	7.9144e-006	1.29543e-005	1.40083e-005	8.1973e-006	1.35154e-005	1.14935e-005	1.0632e-005	1.42737e-005	7.76271e-006	1.31944e-005	1.37151e-005	8.57701e-006	1.34202e-005	1.06905e-005	1.11766e-005	1.43609e-005	7.71295e-006	1.33694e-005	1.3341e-005	9.02753e-006	
121	7.64605e-006	1.30589e-005	1.36881e-005	8.41199e-006	1.32901e-005	1.06896e-005	1.09936e-005	1.4285e-005	7.59473e-006	1.32398e-005	1.33037e-005	8.86166e-006	1.30225e-005	9.75268e-006	1.15115e-005	1.42629e-005	7.64822e-006	1.33554e-005	1.28022e-005	9.36144e-006	
122	7.46548e-006	1.30981e-005	1.32628e-005	8.69124e-006	1.28846e-005	9.78005e-006	1.13381e-005	1.41775e-005	7.51912e-006	1.32143e-005	1.27297e-005	9.19587e-006	1.35225e-005	8.11441e-006	1.22165e-005	1.40707e-005	7.67545e-006	1.32667e-005	1.21034e-005	9.7285e-006	
123	7.37987e-006	1.30681e-005	1.26569e-005	9.02363e-006	1.35542e-005	7.96675e-006	1.20632e-005	1.39732e-005	7.53811e-006	1.31157e-005	1.20211e-005	9.56657e-006	1.39127e-005	7.46586e-006	1.25692e-005	1.37972e-005	7.79219e-006	1.31029e-005	1.13422e-005	1.01149e-005	
124	7.39191e-006	1.29669e-005	1.19391e-005	9.39605e-006	1.38652e-005	7.29315e-006	1.24412e-005	1.3685e-005	7.64959e-006	1.2944e-005	1.12489e-005	9.95972e-006	1.39974e-005	7.18214e-006	1.26849e-005	1.34503e-005	7.99199e-006	1.28566e-005	1.05198e-005	1.05067e-005	
125	7.49981e-006	1.27944e-005	1.11565e-005	9.79425e-006	1.39151e-005	7.01163e-006	1.257e-005	1.33187e-005	7.8473e-006	1.26988e-005	1.04149e-005	1.03609e-005	1.3926e-005	6.9976e-006	1.2739e-005	1.2976e-005	8.22836e-006	1.295e-005	9.34752e-006	1.08898e-005	
126	7.6974e-006	1.25875e-005	1.03113e-005	1.02035e-005	1.38148e-005	6.83391e-006	1.26381e-005	1.2824e-005	8.12125e-006	1.30463e-005	9.22632e-006	1.07557e-005	1.37353e-005	6.9197e-006	1.27269e-005	1.22926e-005	8.56165e-006	1.35499e-005	7.69326e-006	1.12509e-005	
127	7.9746e-006	1.30338e-005	9.10998e-006	1.0609e-005	1.35959e-005	6.76718e-006	1.26405e-005	1.21236e-005	8.42162e-006	1.34832e-005	7.54025e-006	1.11303e-005	1.34426e-005	6.95084e-006	1.26461e-005	1.15317e-005	8.9438e-006	1.36651e-005	6.75165e-006	1.19103e-005	
128	8.28137e-006	1.33712e-005	7.399e-006	1.09964e-005	1.32745e-005	6.81333e-006	1.25739e-005	1.1345e-005	8.80911e-006	1.35521e-005	6.58706e-006	1.17991e-005	1.306e-005	7.08823e-006	1.24957e-005	1.07377e-005	9.35983e-006	1.3595e-005	6.51363e-006	1.22794e-005	
129	8.67643e-006	1.34061e-005	6.43351e-006	1.16745e-005	1.28622e-005	6.9688e-006	1.24372e-005	1.05296e-005	9.23265e-006	1.34452e-005	6.36929e-006	1.21828e-005	1.25865e-005	7.32411e-006	1.22688e-005	9.83291e-006	9.79394e-006	1.33885e-005	6.39337e-006	1.23835e-005	
130	9.10965e-006	1.32686e-005	6.2336e-006	1.20731e-005	1.23553e-005	7.22485e-006	1.21742e-005	9.5985e-006	9.67605e-006	1.32037e-005	6.27299e-006	1.22957e-005	1.19748e-005	7.64628e-006	1.24604e-005	8.52841e-006	1.02301e-005	1.3066e-005	6.39538e-006	1.24207e-005	
131	9.56429e-006	1.29965e-005	6.1583e-006	1.21953e-005	1.17027e-005	7.56821e-006	1.20095e-005	8.25429e-006	1.01228e-005	1.28462e-005	6.30145e-006	1.23411e-005	1.11836e-005	8.03897e-006	1.28195e-005	6.27811e-006	1.10366e-005	1.26402e-005	6.51807e-006	1.23866e-005	
132	1.00233e-005	1.26072e-005	6.2098e-006	1.22498e-005	1.09201e-005	7.98203e-006	1.25502e-005	6.14668e-006	1.09236e-005	1.23847e-005	6.45167e-006	1.23145e-005	1.03395e-005	8.44713e-006	1.27885e-005	6.00903e-006	1.15504e-005	1.21214e-005	6.75384e-006	1.2211e-005	
133	1.08179e-005	1.21125e-005	6.38381e-006	1.22293e-005	1.00086e-005	8.41016e-006	1.25142e-005	5.89411e-006	1.14412e-005	1.18289e-005	6.71456e-006	1.20713e-005	9.36635e-006	8.92847e-006	1.2573e-005	5.8653e-006	1.17536e-005	1.15024e-005	7.08973e-006	1.181e-005	
134	1.13374e-005	1.15214e-005	6.66991e-006	1.19245e-005	8.98975e-006	8.9093e-006	1.22794e-005	5.76844e-006	1.16499e-005	1.11745e-005	7.07575e-006	1.16615e-005	8.23745e-006	9.42905e-006	1.22156e-005	5.85278e-006	1.18955e-005	1.07604e-005	7.50848e-006	1.13562e-005	
135	1.15522e-005	1.08362e-005	7.05251e-006	1.15074e-005	7.72863e-006	9.42526e-006	1.18973e-005	5.77466e-006	1.17968e-005	1.04084e-005	7.51675e-006	1.11985e-005	6.54976e-006	1.0297e-005	1.17351e-005	5.9702e-006	1.19684e-005	9.8354e-006	7.98968e-006	1.13858e-005	
136	1.17045e-005	1.00731e-005	7.51208e-006	1.10369e-005	6.43948e-006	1.02719e-005	1.13886e-005	5.91042e-006	1.18706e-005	9.43681e-006	8.01616e-006	1.06901e-005	6.3573e-006	1.08827e-005	1.11427e-005	6.20946e-006	1.17888e-005	8.77148e-006	8.47437e-006	1.14579e-005	
137	1.17418e-005	9.04098e-006	8.02639e-006	1.05209e-005	6.2645e-006	1.08426e-005	1.07644e-005	6.16657e-006	1.16042e-005	8.26439e-006	8.51446e-006	1.09795e-005	5.92675e-006	1.1161e-005	1.04438e-005	6.55651e-006	1.14106e-005	7.26139e-006	9.01836e-006	1.1183e-005	
138	1.14184e-005	7.62356e-006	8.53534e-006	1.01959e-005	5.8659e-006	1.11215e-005	1.00272e-005	6.5281e-006	1.12212e-005	6.66226e-006	9.43508e-006	1.07166e-005	5.50753e-006	1.13803e-005	9.66409e-006	6.99261e-006	1.09732e-005	6.42255e-006	9.87801e-006	1.0728e-005	
139	1.10316e-005	6.61841e-006	9.42119e-006	1.0124e-005	5.49027e-006	1.13385e-005	9.18841e-006	6.97552e-006	1.07794e-005	6.36845e-006	1.00867e-005	1.02397e-005	5.5977e-006	1.1467e-005	8.6777e-006	7.49568e-006	1.04831e-005	6.20205e-006	1.04698e-005	1.01269e-005	
140	1.05864e-005	6.32842e-006	1.00497e-005	9.63736e-006	5.59816e-006	1.12843e-005	8.0544e-006	7.48624e-006	1.02856e-005	6.1575e-006	1.04485e-005	9.59766e-006	5.80788e-006	1.1188e-005	7.02769e-006	8.39483e-006	9.94886e-006	6.07309e-006	1.07887e-005	9.41847e-006	
141	1.00898e-005	6.11816e-006	1.04078e-005	8.92544e-006	5.82122e-006	1.09982e-005	6.824e-006	8.35642e-006	9.74839e-006	6.03497e-006	1.07597e-005	8.81092e-006	6.12479e-006	1.0843e-005	6.71196e-006	9.10191e-006	9.38048e-006	6.03809e-006	1.10455e-005	8.47638e-006	
142	9.55036e-006	5.99273e-006	1.0712e-005	7.67381e-006	6.52983e-006	1.06463e-005	6.49704e-006	9.04471e-006	9.17949e-006	6.00256e-006	1.09399e-005	7.36969e-006	6.53026e-006	1.04356e-005	6.46064e-006	9.52226e-006	8.79358e-006	6.09509e-006	1.09508e-005	7.02278e-006	
143	8.98233e-006	5.95363e-006	1.07533e-005	7.11444e-006	7.19758e-006	1.02323e-005	6.23853e-006	9.46167e-006	8.59214e-006	6.05782e-006	1.07568e-005	6.80285e-006	7.35487e-006	9.97148e-006	6.147e-006	9.91123e-006	8.19708e-006	6.23773e-006	1.07063e-005	6.55392e-006	
144	8.39415e-006	5.99841e-006	1.05666e-005	6.58874e-006	7.58503e-006	9.76196e-006	6.03957e-006	9.84432e-006	8.03013e-006	6.1942e-006	1.05054e-005	6.329e-006	8.04085e-006	9.45813e-006	5.90261e-006	1.02522e-005	7.63258e-006	6.45557e-006	1.03944e-005	6.14234e-006	
145	7.82947e-006	6.12078e-006	1.03115e-005	6.11004e-006	7.99252e-006	9.24549e-006	5.80684e-006	1.01757e-005	7.42651e-006	6.40137e-006	1.01868e-005	5.91275e-006	8.42336e-006	8.90999e-006	5.73575e-006	1.03639e-005	7.03969e-006	6.73483e-006	1.00177e-005	5.79792e-006	
146	7.2232e-006	6.31094e-006	9.9892e-006	5.68998e-006	8.36345e-006	8.6926e-006	5.6187e-006	1.01927e-005	6.83177e-006	6.66604e-006	9.80389e-006	5.5647e-006	8.82991e-006	8.33161e-006	5.64883e-006	1.0236e-005	6.46947e-006	7.0593e-006	9.58066e-006	5.52694e-006	
147	6.62636e-006	6.55629e-006	9.60252e-006	5.33813e-006	8.75479e-006	8.11022e-006	5.50968e-006	1.00613e-005	6.26035e-006	6.97276e-006	9.36116e-006	5.29335e-006	9.20755e-006	7.76613e-006	5.6409e-006	1.00383e-005	5.93597e-006	7.41149e-006	9.09363e-006	5.33317e-006	
148	6.05319e-006	6.84225e-006	9.15837e-006	5.06387e-006	9.11491e-006	7.53729e-006	5.47957e-006	9.85948e-006	5.72609e-006	7.30492e-006	8.87156e-006	5.10064e-006	9.53553e-006	7.14862e-006	5.70753e-006	9.7704e-006	5.45209e-006	7.77357e-006	8.56273e-006	5.21703e-006	
149	5.51727e-006	7.15308e-006	8.66515e-006	4.87097e-006	9.36401e-006	6.91402e-006	5.52476e-006	9.58667e-006	5.24167e-006	7.64566e-006	8.33624e-006	4.98685e-006	9.54195e-006	6.52939e-006	5.84103e-006	9.43349e-006	5.0292e-006	8.12833e-006	8.0297e-006	5.16256e-006	
150	5.03107e-006	7.47279e-006	8.12629e-006	4.75811e-006	9.32984e-006	6.28981e-006	5.63834e-006	9.24422e-006	4.81829e-006	7.97869e-006	7.7966e-006	4.94466e-006	9.44927e-006	5.92233e-006	6.03096e-006	9.03366e-006	4.67672e-006	8.42323e-006	7.42513e-006	5.05751e-006	
151	4.60566e-006	7.78586e-006	7.5794e-006	4.72181e-006	9.22735e-006	5.67838e-006	5.81056e-006	8.84083e-006	4.46529e-006	8.25245e-006	7.18561e-006	4.91117e-006	9.28539e-006	5.34107e-006	6.26474e-006	8.57656e-006	4.40166e-006	8.67568e-006	6.79671e-006	4.97942e-006	
152	4.25037e-006	8.07801e-006	6.96196e-006	4.73829e-006	9.05371e-006	5.0931e-006	6.0294e-006	8.37717e-006	4.18971e-006	8.42637e-006	6.55147e-006	4.82114e-006	9.04893e-006	4.79849e-006	6.5284e-006	8.10044e-006	4.20903e-006	8.67316e-006	6.15698e-006	4.97977e-006	
153	3.97233e-006	8.16649e-006	6.32132e-006	4.66824e-006	8.80776e-006	4.54656e-006	6.28129e-006	7.89196e-006	3.99564e-006	8.41564e-006	5.90655e-006	4.8103e-006	8.74317e-006	4.30646e-006	6.80737e-006	7.534e-006	4.10223e-006	8.60769e-006	5.51893e-006	5.0532e-006	
154	3.77583e-006	8.15149e-006	5.66966e-006	4.64445e-006	8.49563e-006	4.05041e-006	6.55187e-006	7.31527e-006	3.88761e-006	8.34283e-006	5.26355e-006	4.87362e-006	8.37097e-006	3.8757e-006	7.08717e-006	6.92185e-006	4.07327e-006	8.47527e-006	4.89541e-006	5.19116e-006	
155	3.66351e-006	8.11103e-006	5.0193e-006	4.69576e-006	8.11511e-006	3.61524e-006	6.82672e-006	6.69239e-006	3.85851e-006	8.20406e-006	4.63484e-006	5.00283e-006	7.96688e-006	3.51565e-006	7.35406e-006	6.27401e-006	4.11413e-006	8.27402e-006	4.29857e-006	5.38247e-006	
156	3.63266e-006	7.96861e-006	4.38209e-006	4.81426e-006	7.69975e-006	3.25065e-006	7.09196e-006	6.03329e-006	3.89911e-006	8.03457e-006	4.03194e-006	5.18691e-006	7.45913e-006	3.23415e-006	7.46724e-006	5.60157e-006	4.19001e-006	8.04389e-006	3.73956e-006	5.61403e-006	
157	3.67173e-006	7.76154e-006	3.76872e-006	4.98917e-006	7.18218e-006	2.96499e-006	7.23275e-006	5.34885e-006	3.98358e-006	7.76166e-006	3.46517e-006	5.41284e-006	6.89006e-006	3.03659e-006	7.45038e-006	4.91588e-006	4.14419e-006	7.70578e-006	3.22854e-006	5.87158e-006	
158	3.75915e-006	7.4863e-006	3.18827e-006	5.20757e-006	6.60403e-006	2.76454e-006	7.21759e-006	4.64992e-006	3.96522e-006	7.41822e-006	2.94362e-006	5.66635e-006	6.26692e-006	2.92467e-006	7.3713e-006	4.22765e-006	4.16815e-006	7.29754e-006	2.77503e-006	6.14046e-006	
159	3.76914e-006	7.14104e-006	2.648e-006	5.45524e-006	5.97255e-006	2.6519e-006	7.13934e-006	3.94612e-006	3.98228e-006	7.00552e-006	2.47567e-006	5.9327e-006	5.5983e-006	2.89627e-006	7.22772e-006	3.54557e-006	4.26269e-006	6.82189e-006	2.38874e-006	6.40626e-006	
160	3.78047e-006	6.72702e-006	2.15369e-006	5.71743e-006	5.29603e-006	2.62408e-006	6.99668e-006	3.24384e-006	4.07135e-006	6.52632e-006	2.07028e-006	6.19736e-006	4.89326e-006	2.94449e-006	7.01774e-006	2.87424e-006	4.41732e-006	6.28307e-006	2.08058e-006	6.58489e-006	
161	3.86581e-006	6.24688e-006	1.71093e-006	5.97952e-006	4.58281e-006	2.67595e-006	6.78547e-006	2.54246e-006	4.22184e-006	5.98474e-006	1.73912e-006	6.36642e-006	4.16e-006	3.04804e-006	6.73652e-006	2.21014e-006	4.61912e-006	5.68665e-006	1.86262e-006	6.56089e-006	
162	4.01439e-006	5.70454e-006	1.32855e-006	6.13595e-006	3.83943e-006	2.78684e-006	6.50181e-006	1.82401e-006	4.42067e-006	5.38606e-006	1.49847e-006	6.33527e-006	3.40316e-006	3.12621e-006	6.38375e-006	1.52923e-006	4.85369e-006	5.03905e-006	1.74491e-006	6.47078e-006	
163	4.21277e-006	5.10478e-006	1.02594e-006	6.09743e-006	3.06657e-006	2.90385e-006	6.14529e-006	9.99276e-007	4.65322e-006	4.73604e-006	1.36668e-006	6.23771e-006	2.61733e-006	3.15712e-006	5.96039e-006	7.03679e-007	5.10602e-006	4.34641e-006	1.72881e-006	6.31261e-006	
164	4.50887e-006	4.45252e-006	8.42763e-007	5.99225e-006	2.24766e-006	2.94972e-006	5.71672e-006	0	4.96193e-006	4.03949e-006	1.35232e-006	6.06931e-006	1.76459e-006	3.26853e-006	5.46853e-006	0	5.41564e-006	3.61232e-006	1.80222e-006	6.07922e-006	
165	4.86426e-006	3.75082e-006	8.23316e-007	5.81357e-006	1.29278e-006	3.07816e-006	5.2179e-006	0	5.31381e-006	3.29704e-006	1.44163e-006	5.82416e-006	5.51324e-007	3.44663e-006	4.91105e-006	0	5.75552e-006	2.83206e-006	1.94686e-006	5.76874e-006	
166	5.14403e-006	2.99627e-006	9.5345e-007	5.55666e-006	0	3.33714e-006	4.65118e-006	0	5.58561e-006	2.49607e-006	1.60671e-006	5.50037e-006	0	3.72969e-006	4.29073e-006	0	5.92755e-006	1.9731e-006	2.13175e-006	5.38057e-006	
167	5.34793e-006	2.16389e-006	1.1696e-006	5.21951e-006	0	3.68308e-006	4.01822e-006	0	5.57237e-006	1.57167e-006	1.81207e-006	5.09721e-006	0	4.07889e-006	3.60809e-006	0	5.74817e-006	8.24835e-007	2.33335e-006	4.91502e-006	
168	5.20567e-006	1.11659e-006	1.41947e-006	4.80113e-006	0	3.96934e-006	3.31675e-006	0	5.37834e-006	0	2.046e-006	4.61462e-006	0	4.3683e-006	2.85547e-006	0	5.51167e-006	0	2.54367e-006	4.37262e-006	
169	4.99727e-006	0	1.69086e-006	4.30085e-006	0	4.2032e-006	2.53115e-006	0	5.1255e-006	0	2.70647e-006	4.05217e-006	0	4.45699e-006	1.99581e-006	0	5.21299e-006	0	3.05015e-006	3.75248e-006	
170	4.72811e-006	0	2.57941e-006	3.71669e-006	0	4.11182e-006	1.58917e-006	0	4.80863e-006	0	2.99597e-006	3.40643e-006	0	4.31348e-006	7.83411e-007	0	4.84817e-006	0	3.34301e-006	3.04771e-006	
171	4.39253e-006	0	2.68688e-006	3.04096e-006	0	3.9559e-006	0	0	4.4233e-006	0	3.01172e-006	2.66305e-006	0	4.11619e-006	0	0	4.41387e-006	0	3.29578e-006	2.2299e-006	
172	3.98525e-006	0	2.62849e-006	2.24541e-006	0	3.742e-006	0	9.64069e-007	3.96518e-006	0	2.93339e-006	1.76297e-006	0	3.8557e-006	0	1.48317e-006	3.909e-006	0	3.19087e-006	1.14989e-006	
173	3.50031e-006	0	2.53977e-006	1.18836e-006	0	3.46047e-006	0	8.88288e-007	2.88417e-006	0	2.8147e-006	0	0	3.52345e-006	0	1.43487e-006	2.67216e-006	0	3.04046e-006	0	
174	3.10333e-006	0	2.40539e-006	0	0	3.101e-006	0	8.25009e-007	1.98459e-006	0	2.6448e-006	0	0	3.10953e-006	0	1.37682e-006	1.60981e-006	0	2.82862e-006	0	
175	2.42276e-006	0	2.1772e-006	0	0	2.64914e-006	0	7.32756e-007	8.2477e-007	0	2.38523e-006	0	0	2.82825e-006	0	1.28099e-006	0	0	2.54065e-006	0	
176	1.47963e-006	0	1.71602e-006	0	0	2.29453e-006	0	4.87181e-007	0	0	1.95728e-006	0	0	2.19304e-006	0	8.61725e-007	0	0	2.15609e-006	0	
177	0	0	1.1477e-006	0	0	1.53566e-006	0	0	0	0	1.44911e-006	0	0	1.25173e-006	0	0	0	0	1.91504e-006	0	
178	0	0	0	0	0	0	0	0	0	0	1.20674e-006	0	0	0	0	0	0	0	1.17288e-006	0	
179	0	0	0	0	0	0	0	0	0	0	0	0	0	0	0	0	0	0	0	0	
