48 0
0.508000 0.024000 0.005 0.017500 0.001
0.517585 0.093380 0.005 0.017500 0.001
0.545616 0.157545 0.005 0.017500 0.001
0.589977 0.211670 0.005 0.017500 0.001
0.647322 0.251691 0.005 0.017500 0.001
0.713321 0.274608 0.005 0.017500 0.001
0.782994 0.278710 0.005 0.017500 0.001
0.851082 0.263708 0.005 0.017500 0.001
0.912448 0.230755 0.005 0.017500 0.001
0.962459 0.182356 0.005 0.017500 0.001
0.997341 0.122185 0.005 0.017500 0.001
1.014462 0.054803 0.005 0.017500 0.001
0.508000 0.042000 0.005 0.017500 0.001
0.517585 0.111380 0.005 0.017500 0.001
0.545616 0.175545 0.005 0.017500 0.001
0.589977 0.229670 0.005 0.017500 0.001
0.647322 0.269691 0.005 0.017500 0.001
0.713321 0.292608 0.005 0.017500 0.001
0.782994 0.296710 0.005 0.017500 0.001
0.851082 0.281708 0.005 0.017500 0.001
0.912448 0.248755 0.005 0.017500 0.001
0.962459 0.200356 0.005 0.017500 0.001
0.997341 0.140185 0.005 0.017500 0.001
1.014462 0.072803 0.005 0.017500 0.001
0.508000 0.060000 0.005 0.017500 0.001
0.517585 0.129380 0.005 0.017500 0.001
0.545616 0.193545 0.005 0.017500 0.001
0.589977 0.247670 0.005 0.017500 0.001
0.647322 0.287691 0.005 0.017500 0.001
0.713321 0.310608 0.005 0.017500 0.001
0.782994 0.314710 0.005 0.017500 0.001
0.851082 0.299708 0.005 0.017500 0.001
0.912448 0.266755 0.005 0.017500 0.001
0.962459 0.218356 0.005 0.017500 0.001
0.997341 0.158185 0.005 0.017500 0.001
1.014462 0.090803 0.005 0.017500 0.001
0.508000 0.078000 0.005 0.017500 0.001
0.517585 0.147380 0.005 0.017500 0.001
0.545616 0.211545 0.005 0.017500 0.001
0.589977 0.265670 0.005 0.017500 0.001
0.647322 0.305691 0.005 0.017500 0.001
0.713321 0.328608 0.005 0.017500 0.001
0.782994 0.332710 0.005 0.017500 0.001
0.851082 0.317708 0.005 0.017500 0.001
0.912448 0.284755 0.005 0.017500 0.001
0.962459 0.236356 0.005 0.017500 0.001
0.997341 0.176185 0.005 0.017500 0.001
1.014462 0.108803 0.005 0.017500 0.001
