MicroEMSIM SPAf Data: 
num_rev 	21
num_theta 	180
PloughingZone Area: theta Ap1 Ap2 .. 
0	0	2.66291e-007	1.19096e-007	0	2.47533e-007	1.1147e-007	0	1.72083e-007	8.8802e-008	0	1.16004e-007	6.8869e-008	0	4.35332e-008	4.43953e-008	0	0	2.36561e-008	0	0	
1	0	0	2.15969e-007	0	1.12029e-007	2.2341e-007	0	9.17536e-008	2.11006e-007	0	4.91067e-008	1.96714e-007	0	0	1.74325e-007	0	0	1.53987e-007	0	0	
2	8.63435e-008	0	2.36434e-007	1.05223e-008	0	3.00711e-007	0	0	3.18771e-007	0	0	3.15901e-007	0	0	3.00997e-007	0	0	2.83074e-007	0	0	
3	1.97953e-007	0	2.47865e-007	1.20417e-007	0	3.15412e-007	3.90597e-008	0	3.76149e-007	0	0	4.19717e-007	0	0	4.17224e-007	0	0	4.08479e-007	0	0	
4	3.07465e-007	0	2.59689e-007	2.30531e-007	0	3.28493e-007	1.48141e-007	0	3.92633e-007	7.0225e-008	0	4.56261e-007	8.54589e-010	0	5.17117e-007	0	0	5.23868e-007	0	0	
5	4.13045e-007	0	2.73493e-007	3.39012e-007	0	3.41505e-007	2.58033e-007	0	4.07074e-007	1.77595e-007	0	4.74125e-007	2.00434e-007	0	5.55168e-007	3.64329e-008	0	5.89329e-007	0	3.21694e-008	
6	5.12626e-007	0	2.9064e-007	4.43926e-007	0	3.55981e-007	3.66849e-007	0	4.20982e-007	2.86359e-007	0	4.89344e-007	2.10017e-007	0	5.50503e-007	1.30416e-007	0	6.12929e-007	6.88814e-008	2.45129e-008	
7	6.02162e-007	0	3.11292e-007	5.42651e-007	0	3.73022e-007	4.72519e-007	0	4.35802e-007	3.94593e-007	0	5.03384e-007	3.18377e-007	0	5.664e-007	2.35276e-007	0	6.32947e-007	1.67753e-007	1.18808e-008	
8	6.68255e-007	1.07196e-008	3.24443e-007	6.28804e-007	0	3.92496e-007	5.71312e-007	0	4.52095e-007	5.00045e-007	0	5.17692e-007	4.26739e-007	0	5.8056e-007	3.42818e-007	0	6.49042e-007	2.71575e-007	8.36852e-009	
9	7.20113e-007	9.59454e-008	2.95162e-007	6.92801e-007	4.79314e-008	3.78798e-007	6.52129e-007	5.332e-009	4.69438e-007	5.99257e-007	0	5.32983e-007	5.31776e-007	0	5.93804e-007	4.50505e-007	0	6.62337e-007	3.78076e-007	1.15632e-007	
10	7.59866e-007	1.89008e-007	2.68869e-007	7.4547e-007	1.32669e-007	3.4886e-007	7.1833e-007	1.77224e-007	4.61627e-007	6.8204e-007	3.60863e-008	5.21803e-007	6.23984e-007	1.23402e-008	5.96368e-007	5.52533e-007	1.40506e-008	6.63303e-007	4.81933e-007	3.15402e-008	
11	7.87346e-007	2.88349e-007	2.47412e-007	7.86212e-007	2.25422e-007	3.21366e-007	7.73413e-007	1.6146e-007	4.04028e-007	7.4271e-007	1.04986e-007	4.91133e-007	7.03714e-007	6.94144e-008	5.70134e-007	6.42558e-007	5.59089e-008	6.43377e-007	5.78933e-007	5.8387e-008	
12	8.02869e-007	3.9209e-007	2.32557e-007	8.1485e-007	3.24586e-007	2.98241e-007	8.16699e-007	2.52759e-007	3.75959e-007	8.00089e-007	1.86068e-007	4.60127e-007	7.74089e-007	1.37739e-007	5.4043e-007	7.2512e-007	1.09424e-007	6.17469e-007	6.70646e-007	9.68994e-008	
13	8.07146e-007	4.98117e-007	2.25907e-007	8.3164e-007	4.28249e-007	2.81349e-007	8.47917e-007	3.50887e-007	3.51697e-007	8.45865e-007	2.76061e-007	4.30265e-007	8.33723e-007	2.16509e-007	5.09265e-007	7.98591e-007	1.74276e-007	5.87514e-007	7.55171e-007	1.47193e-007	
14	8.01317e-007	6.04143e-007	2.28825e-007	8.37255e-007	5.34283e-007	2.72377e-007	8.67218e-007	4.53945e-007	3.33167e-007	8.79668e-007	3.73398e-007	4.03647e-007	8.81736e-007	3.04558e-007	4.78761e-007	8.61613e-007	2.49774e-007	5.55606e-007	8.30784e-007	2.0903e-007	
15	7.86835e-007	7.07798e-007	2.42426e-007	8.32768e-007	6.4038e-007	2.72792e-007	8.75184e-007	5.59808e-007	3.2213e-007	9.01548e-007	4.76198e-007	3.82297e-007	9.17652e-007	4.00353e-007	4.51086e-007	9.13164e-007	3.34832e-007	5.23957e-007	8.96014e-007	2.81774e-007	
16	7.65457e-007	8.06702e-007	2.67533e-007	8.19606e-007	7.4413e-007	2.83802e-007	8.72803e-007	6.66154e-007	3.20139e-007	9.11988e-007	5.82321e-007	3.68088e-007	9.41435e-007	5.02047e-007	4.28326e-007	9.52625e-007	4.27996e-007	4.94807e-007	9.49735e-007	3.64398e-007	
17	7.39183e-007	8.98556e-007	3.04622e-007	7.99499e-007	8.43116e-007	3.06314e-007	8.61433e-007	7.70543e-007	3.28495e-007	9.11886e-007	6.89416e-007	3.62694e-007	9.53486e-007	6.07515e-007	4.12424e-007	9.79817e-007	5.27489e-007	4.70316e-007	9.91226e-007	4.55517e-007	
18	7.10175e-007	9.81249e-007	3.53798e-007	7.74417e-007	9.3501e-007	3.4089e-007	8.42751e-007	8.70515e-007	3.482e-007	9.02522e-007	7.95e-007	3.67543e-007	9.54641e-007	7.14402e-007	4.05131e-007	9.95007e-007	6.31241e-007	4.52508e-007	1.02021e-006	5.53401e-007	
19	6.80683e-007	1.05296e-006	4.14775e-007	7.46495e-007	1.01768e-006	3.8772e-007	8.18689e-007	9.6368e-007	3.79918e-007	8.85509e-007	8.96545e-007	3.83762e-007	9.46131e-007	8.20204e-007	4.0795e-007	9.98913e-007	7.36935e-007	4.43214e-007	1.03688e-006	6.56008e-007	
20	6.52972e-007	1.11223e-006	4.86858e-007	7.17962e-007	1.08927e-006	4.46588e-007	7.91364e-007	1.04783e-006	4.23932e-007	8.62731e-007	9.91585e-007	4.12137e-007	9.2954e-007	9.22355e-007	4.22087e-007	9.92666e-007	8.42087e-007	4.44018e-007	1.04188e-006	7.61033e-007	
21	6.29249e-007	1.15806e-006	5.68937e-007	6.91066e-007	1.14831e-006	5.16857e-007	7.63001e-007	1.12103e-006	4.8012e-007	8.36274e-007	1.07782e-006	4.5307e-007	9.06744e-007	1.01834e-006	4.48405e-007	9.77772e-007	9.44129e-007	4.56201e-007	1.03629e-006	8.65986e-007	
22	6.11602e-007	1.18995e-006	6.5949e-007	6.6801e-007	1.19379e-006	5.97459e-007	7.35862e-007	1.18173e-006	5.4793e-007	8.08349e-007	1.15321e-006	5.06543e-007	8.79836e-007	1.10578e-006	4.87377e-007	9.56056e-007	1.04052e-006	4.80695e-007	1.02159e-006	9.68276e-007	
23	6.01936e-007	1.2079e-006	7.56611e-007	6.50875e-007	1.22518e-006	6.86895e-007	7.12178e-007	1.22882e-006	6.26362e-007	7.81226e-007	1.2161e-006	5.72092e-007	8.5106e-007	1.18257e-006	5.39049e-007	9.29588e-007	1.12884e-006	5.18035e-007	9.99604e-007	1.06532e-006	
24	6.0191e-007	1.21248e-006	8.58056e-007	6.41567e-007	1.24251e-006	7.83269e-007	6.94073e-007	1.26169e-006	7.1398e-007	7.57152e-007	1.26527e-006	6.48791e-007	8.22727e-007	1.24696e-006	6.03016e-007	9.00613e-007	1.20692e-006	5.68321e-007	9.72412e-007	1.15463e-006	
25	6.12882e-007	1.20476e-006	9.61316e-007	6.41746e-007	1.24634e-006	8.84332e-007	6.83499e-007	1.28028e-006	8.08934e-007	7.38282e-007	1.30002e-006	7.35257e-007	7.9714e-007	1.29764e-006	6.78397e-007	8.71468e-007	1.27293e-006	6.3119e-007	9.42293e-007	1.23398e-006	
26	6.35858e-007	1.18628e-006	1.06371e-006	6.52775e-007	1.23776e-006	9.87553e-007	6.82175e-007	1.2851e-006	9.09003e-007	7.26609e-007	1.3202e-006	8.29669e-007	7.76518e-007	1.33383e-006	7.63845e-007	8.44506e-007	1.32546e-006	7.05796e-007	9.11638e-007	1.30143e-006	
27	6.71446e-007	1.15903e-006	1.16247e-006	6.75669e-007	1.21835e-006	1.09021e-006	6.91527e-007	1.27719e-006	1.01167e-006	7.23903e-007	1.32622e-006	9.29809e-007	7.62928e-007	1.35529e-006	8.57559e-007	8.22014e-007	1.36362e-006	7.9081e-007	8.82865e-007	1.35551e-006	
28	7.19813e-007	1.1253e-006	1.2549e-006	7.11045e-007	1.19012e-006	1.1895e-006	7.12635e-007	1.25809e-006	1.1142e-006	7.31644e-007	1.31909e-006	1.03314e-006	7.58215e-007	1.36238e-006	9.5733e-007	8.06143e-007	1.38709e-006	8.84438e-007	8.58341e-007	1.39522e-006	
29	7.80654e-007	1.08766e-006	1.33845e-006	7.59081e-007	1.1554e-006	1.28266e-006	7.46182e-007	1.22978e-006	1.21378e-006	7.50973e-007	1.3003e-006	1.13687e-006	7.63939e-007	1.35603e-006	1.06061e-006	7.98833e-007	1.3961e-006	9.84461e-007	8.40302e-007	1.42015e-006	
30	8.53176e-007	1.04882e-006	1.41089e-006	8.19484e-007	1.1168e-006	1.36708e-006	7.92413e-007	1.19462e-006	1.30757e-006	7.82637e-007	1.27182e-006	1.23811e-006	7.81318e-007	1.33769e-006	1.16458e-006	8.01748e-007	1.39149e-006	1.0883e-006	8.30778e-007	1.43045e-006	
31	9.36087e-007	1.01157e-006	1.47036e-006	8.91471e-007	1.07709e-006	1.44045e-006	8.51098e-007	1.15523e-006	1.39293e-006	8.26944e-007	1.23602e-006	1.33394e-006	8.11175e-007	1.30933e-006	1.26631e-006	8.16213e-007	1.37465e-006	1.19311e-006	8.31524e-007	1.4269e-006	
32	1.02762e-006	9.78624e-007	1.51555e-006	9.73761e-007	1.03908e-006	1.50086e-006	9.21509e-007	1.1144e-006	1.46747e-006	8.83727e-007	1.19555e-006	1.42157e-006	8.53889e-007	1.27328e-006	1.36284e-006	8.43161e-007	1.34744e-006	1.2959e-006	8.43957e-007	1.41081e-006	
33	1.12555e-006	9.52589e-007	1.54567e-006	1.06459e-006	1.00554e-006	1.54691e-006	1.00241e-006	1.07501e-006	1.52919e-006	9.52319e-007	1.15325e-006	1.4985e-006	9.09354e-007	1.23224e-006	1.4513e-006	8.83074e-007	1.31218e-006	1.39361e-006	8.69088e-007	1.38403e-006	
34	1.22731e-006	9.35828e-007	1.56058e-006	1.16176e-006	9.79096e-007	1.57776e-006	1.09209e-006	1.03988e-006	1.57659e-006	1.03154e-006	1.11207e-006	1.5626e-006	9.76957e-007	1.18906e-006	1.52912e-006	9.35947e-007	1.27149e-006	1.48334e-006	9.07475e-007	1.34884e-006	
35	1.33e-006	9.30395e-007	1.56078e-006	1.26269e-006	9.62143e-007	1.59324e-006	1.18836e-006	1.01172e-006	1.60877e-006	1.11973e-006	1.07489e-006	1.61222e-006	1.05556e-006	1.14672e-006	1.5941e-006	1.00126e-006	1.22825e-006	1.56241e-006	9.59172e-007	1.30788e-006	
36	1.4306e-006	9.3795e-007	1.54737e-006	1.36449e-006	9.56745e-007	1.59378e-006	1.28865e-006	9.92964e-007	1.62545e-006	1.21473e-006	1.04452e-006	1.64635e-006	1.1435e-006	1.1082e-006	1.64453e-006	1.07793e-006	1.18543e-006	1.62852e-006	1.0237e-006	1.26401e-006	
37	1.526e-006	9.59689e-007	1.52205e-006	1.46413e-006	9.64563e-007	1.58047e-006	1.39009e-006	9.85767e-007	1.627e-006	1.31401e-006	1.02348e-006	1.66457e-006	1.23866e-006	1.07632e-006	1.6793e-006	1.16439e-006	1.14601e-006	1.6799e-006	1.10002e-006	1.22026e-006	
38	1.61321e-006	9.96281e-007	1.48702e-006	1.5585e-006	9.86782e-007	1.55499e-006	1.48961e-006	9.91855e-007	1.61444e-006	1.4147e-006	1.01401e-006	1.66717e-006	1.33845e-006	1.05372e-006	1.69796e-006	1.25852e-006	1.11288e-006	1.71535e-006	1.18655e-006	1.17966e-006	
39	1.68952e-006	1.04782e-006	1.4449e-006	1.64463e-006	1.02404e-006	1.51955e-006	1.58409e-006	1.01247e-006	1.5894e-006	1.51375e-006	1.01792e-006	1.65511e-006	1.44e-006	1.04268e-006	1.70074e-006	1.35779e-006	1.08871e-006	1.73437e-006	1.28116e-006	1.14513e-006	
40	1.75256e-006	1.11377e-006	1.39862e-006	1.71979e-006	1.0764e-006	1.47678e-006	1.67051e-006	1.04833e-006	1.55407e-006	1.60802e-006	1.03654e-006	1.62997e-006	1.54016e-006	1.04509e-006	1.68858e-006	1.45929e-006	1.07586e-006	1.73713e-006	1.38129e-006	1.11943e-006	
41	1.80053e-006	1.19297e-006	1.35133e-006	1.78161e-006	1.14328e-006	1.42965e-006	1.74607e-006	1.09951e-006	1.51106e-006	1.69445e-006	1.07064e-006	1.59392e-006	1.63573e-006	1.06235e-006	1.66304e-006	1.55986e-006	1.07628e-006	1.72455e-006	1.48396e-006	1.10497e-006	
42	1.83221e-006	1.28364e-006	1.30623e-006	1.82831e-006	1.22345e-006	1.38134e-006	1.80839e-006	1.16549e-006	1.46334e-006	1.77022e-006	1.12037e-006	1.5496e-006	1.72356e-006	1.09527e-006	1.6263e-006	1.65625e-006	1.09144e-006	1.69818e-006	1.58595e-006	1.10378e-006	
43	1.84712e-006	1.38339e-006	1.26649e-006	1.85868e-006	1.31507e-006	1.33511e-006	1.85559e-006	1.24506e-006	1.41412e-006	1.83289e-006	1.18524e-006	1.50003e-006	1.80073e-006	1.14408e-006	1.581e-006	1.74523e-006	1.12226e-006	1.66021e-006	1.6839e-006	1.11742e-006	
44	1.84548e-006	1.4893e-006	1.23511e-006	1.87224e-006	1.41566e-006	1.29418e-006	1.88643e-006	1.33638e-006	1.36669e-006	1.88053e-006	1.26409e-006	1.44846e-006	1.86468e-006	1.20831e-006	1.5302e-006	1.8238e-006	1.16901e-006	1.61333e-006	1.77447e-006	1.14684e-006	
45	1.82827e-006	1.59803e-006	1.21479e-006	1.86925e-006	1.52224e-006	1.26159e-006	1.90037e-006	1.43698e-006	1.32431e-006	1.91185e-006	1.35507e-006	1.3983e-006	1.9134e-006	1.28681e-006	1.47722e-006	1.8893e-006	1.23132e-006	1.56064e-006	1.85456e-006	1.19241e-006	
46	1.79715e-006	1.70595e-006	1.20786e-006	1.85071e-006	1.6314e-006	1.24013e-006	1.89763e-006	1.54386e-006	1.29012e-006	1.92625e-006	1.45573e-006	1.35291e-006	1.94548e-006	1.37775e-006	1.42549e-006	1.93961e-006	1.30811e-006	1.50553e-006	1.9214e-006	1.25379e-006	
47	1.75443e-006	1.80929e-006	1.21613e-006	1.81831e-006	1.73944e-006	1.23216e-006	1.87916e-006	1.65357e-006	1.26693e-006	1.9239e-006	1.56302e-006	1.31553e-006	1.96026e-006	1.47865e-006	1.37846e-006	1.97322e-006	1.39762e-006	1.45151e-006	1.97276e-006	1.32994e-006	
48	1.70293e-006	1.90433e-006	1.24085e-006	1.77439e-006	1.84254e-006	1.23956e-006	1.84664e-006	1.76235e-006	1.25719e-006	1.9057e-006	1.67345e-006	1.28912e-006	1.95785e-006	1.58644e-006	1.33943e-006	1.98938e-006	1.49741e-006	1.40211e-006	2.00706e-006	1.41911e-006	
49	1.64591e-006	1.98758e-006	1.28258e-006	1.72181e-006	1.93695e-006	1.26358e-006	1.80239e-006	1.86633e-006	1.26285e-006	1.8733e-006	1.78323e-006	1.27625e-006	1.93912e-006	1.69758e-006	1.31142e-006	1.98809e-006	1.60445e-006	1.36071e-006	2.02345e-006	1.51886e-006	
50	1.58687e-006	2.05601e-006	1.34115e-006	1.66384e-006	2.01917e-006	1.30481e-006	1.74927e-006	1.96168e-006	1.28524e-006	1.829e-006	1.88839e-006	1.27899e-006	1.90571e-006	1.8082e-006	1.29708e-006	1.97015e-006	1.71521e-006	1.33043e-006	2.0219e-006	1.62615e-006	
51	1.52948e-006	2.10715e-006	1.41562e-006	1.60403e-006	2.08614e-006	1.36309e-006	1.69056e-006	2.04483e-006	1.32501e-006	1.77564e-006	1.98503e-006	1.29878e-006	1.85993e-006	1.91426e-006	1.29852e-006	1.93716e-006	1.82583e-006	1.31399e-006	2.0032e-006	1.7374e-006	
52	1.47736e-006	2.1393e-006	1.50425e-006	1.54604e-006	2.13546e-006	1.43747e-006	1.62984e-006	2.11265e-006	1.38205e-006	1.71651e-006	2.06948e-006	1.3364e-006	1.80467e-006	2.01177e-006	1.31725e-006	1.89138e-006	1.93223e-006	1.31359e-006	1.96893e-006	1.84869e-006	
53	1.43398e-006	2.15158e-006	1.60456e-006	1.49354e-006	2.16544e-006	1.52617e-006	1.57081e-006	2.16264e-006	1.45544e-006	1.65517e-006	2.13852e-006	1.3918e-006	1.74328e-006	2.09697e-006	1.35406e-006	1.83568e-006	2.03036e-006	1.33078e-006	1.92139e-006	1.95586e-006	
54	1.40254e-006	2.14404e-006	1.71333e-006	1.45001e-006	2.17529e-006	1.62666e-006	1.51714e-006	2.19307e-006	1.54345e-006	1.59536e-006	2.18957e-006	1.46415e-006	1.67939e-006	2.16655e-006	1.40896e-006	1.77278e-006	2.11563e-006	1.36602e-006	1.86332e-006	2.05472e-006	
55	1.38574e-006	2.11763e-006	1.82678e-006	1.41861e-006	2.16514e-006	1.73569e-006	1.47236e-006	2.2031e-006	1.64355e-006	1.54077e-006	2.22081e-006	1.55175e-006	1.61683e-006	2.21785e-006	1.44069e-006	1.68652e-006	2.17475e-006	1.41588e-006	1.79705e-006	2.14098e-006	
56	1.38548e-006	2.07403e-006	1.94063e-006	1.40207e-006	2.13603e-006	1.8494e-006	1.43969e-006	2.19279e-006	1.75249e-006	1.49496e-006	2.23132e-006	1.65209e-006	1.5594e-006	2.0994e-006	8.71238e-007	1.42812e-006	2.17277e-006	1.47165e-006	1.72441e-006	2.21086e-006	
57	1.39996e-006	2.0148e-006	2.05003e-006	1.40243e-006	2.08986e-006	1.96351e-006	1.42191e-006	2.1632e-006	1.86638e-006	1.46117e-006	2.22113e-006	1.76187e-006	1.51077e-006	1.99708e-006	9.69813e-007	1.36841e-006	2.20542e-006	1.55977e-006	1.65688e-006	1.96817e-006	
58	1.4209e-006	1.94063e-006	2.14952e-006	1.42082e-006	2.02923e-006	2.0734e-006	1.42119e-006	2.11577e-006	1.98031e-006	1.44197e-006	2.19109e-006	1.87711e-006	1.47427e-006	2.11556e-006	1.13413e-006	1.33943e-006	2.22721e-006	1.62064e-006	1.57586e-006	1.84835e-006	
59	1.44632e-006	1.8463e-006	2.22764e-006	1.45531e-006	1.95621e-006	2.17363e-006	1.41444e-006	2.03555e-006	2.08044e-006	1.43645e-006	2.14206e-006	1.99302e-006	1.4527e-006	2.21671e-006	1.89842e-006	1.49445e-006	1.91457e-006	1.13956e-006	1.34951e-006	2.06558e-006	
60	8.47426e-007	1.56723e-006	2.24313e-006	1.46598e-006	1.85547e-006	2.08363e-006	7.73694e-007	1.76462e-006	2.12612e-006	1.43631e-006	2.07409e-006	2.10392e-006	1.44805e-006	2.16713e-006	2.01669e-006	1.47034e-006	2.24087e-006	1.91566e-006	1.50379e-006	1.80622e-006	
61	9.32175e-007	1.48545e-006	1.81423e-006	8.59652e-007	1.5718e-006	1.96104e-006	8.08433e-007	1.67784e-006	2.21304e-006	1.44736e-006	1.98268e-006	2.19832e-006	1.45957e-006	2.10077e-006	2.13034e-006	1.46342e-006	2.19107e-006	2.03693e-006	1.4762e-006	1.96707e-006	
62	1.04098e-006	1.41005e-006	1.71958e-006	9.45894e-007	1.48829e-006	1.74577e-006	8.69186e-007	1.58946e-006	1.85916e-006	8.18227e-007	1.69881e-006	2.23235e-006	1.45404e-006	2.0027e-006	2.22508e-006	1.45254e-006	2.108e-006	2.14485e-006	1.46341e-006	2.21034e-006	
63	1.17126e-006	1.34508e-006	1.7051e-006	1.05717e-006	1.41123e-006	1.67101e-006	9.56647e-007	1.50336e-006	1.69075e-006	8.78692e-007	1.60792e-006	1.77541e-006	8.15732e-007	1.71363e-006	1.99452e-006	7.86036e-007	1.82592e-006	2.19542e-006	1.43794e-006	2.12185e-006	
64	1.36356e-006	1.31082e-006	1.73457e-006	1.19062e-006	1.34443e-006	1.6653e-006	1.06948e-006	1.42347e-006	1.62601e-006	9.66903e-007	1.51881e-006	1.63317e-006	8.75916e-007	1.61953e-006	1.69218e-006	8.16851e-007	1.73316e-006	1.83644e-006	7.76465e-007	1.83906e-006	
65	2.16085e-006	1.472e-006	1.69309e-006	1.34247e-006	1.29158e-006	1.72508e-006	1.20403e-006	1.35414e-006	1.62057e-006	1.08169e-006	1.43542e-006	1.57474e-006	9.64411e-007	1.52709e-006	1.57474e-006	8.77872e-007	1.63723e-006	1.61768e-006	8.07079e-007	1.74321e-006	
66	2.23217e-006	1.42415e-006	2.10225e-006	1.54536e-006	1.26121e-006	1.93907e-006	1.39514e-006	1.31293e-006	1.65484e-006	1.21901e-006	1.36226e-006	1.5691e-006	1.08008e-006	1.44037e-006	1.52491e-006	9.68719e-007	1.54237e-006	1.51699e-006	8.68987e-007	1.64403e-006	
67	1.65408e-006	7.10884e-007	1.96066e-006	1.93496e-006	7.2806e-007	2.05301e-006	2.15289e-006	1.44805e-006	1.67419e-006	1.41203e-006	1.31657e-006	1.59931e-006	1.21913e-006	1.36386e-006	1.52205e-006	1.08696e-006	1.45304e-006	1.47299e-006	9.6169e-007	1.54592e-006	
68	1.47038e-006	7.13254e-007	1.85948e-006	1.56915e-006	6.96294e-007	1.95999e-006	1.85806e-006	7.25177e-007	2.06856e-006	2.17958e-006	1.45141e-006	1.61492e-006	1.41321e-006	1.31449e-006	1.55213e-006	1.22873e-006	1.37382e-006	1.47091e-006	1.08242e-006	1.45354e-006	
69	1.3705e-006	7.52044e-007	1.75076e-006	1.41157e-006	7.01095e-007	1.85525e-006	1.54422e-006	6.92058e-007	1.97456e-006	1.74711e-006	7.14107e-007	2.08881e-006	2.19051e-006	1.45068e-006	1.56687e-006	1.42448e-006	1.32116e-006	1.49895e-006	1.22722e-006	1.37151e-006	
70	1.3167e-006	8.26644e-007	1.63939e-006	1.32215e-006	7.43124e-007	1.74344e-006	1.397e-006	6.95917e-007	1.86856e-006	1.48822e-006	6.7869e-007	1.99278e-006	1.70929e-006	7.05411e-007	2.10747e-006	2.21122e-006	1.45849e-006	1.51173e-006	1.42559e-006	1.31586e-006	
71	1.29686e-006	9.35063e-007	1.53041e-006	1.27369e-006	8.21654e-007	1.62955e-006	1.31257e-006	7.37421e-007	1.75524e-006	1.35421e-006	6.81032e-007	1.88429e-006	1.46552e-006	6.68035e-007	2.00837e-006	1.64934e-006	7.01964e-007	2.13254e-006	2.22462e-006	1.45584e-006	
72	1.30725e-006	1.07394e-006	1.42884e-006	1.25661e-006	9.34553e-007	1.5187e-006	1.26723e-006	8.15841e-007	1.63964e-006	1.27563e-006	7.21851e-007	1.7681e-006	1.33544e-006	6.69009e-007	1.89644e-006	1.42898e-006	6.62654e-007	2.03037e-006	1.6111e-006	6.90655e-007	
73	1.35712e-006	1.23858e-006	1.33957e-006	1.26795e-006	1.07829e-006	1.41597e-006	1.25241e-006	9.29029e-007	1.52694e-006	1.23317e-006	8.00442e-007	1.64936e-006	1.25829e-006	7.0909e-007	1.77658e-006	1.30641e-006	6.62141e-007	1.91475e-006	1.40187e-006	6.49804e-007	
74	1.75542e-006	1.45462e-006	1.27712e-006	1.31599e-006	1.24797e-006	1.32628e-006	1.26565e-006	1.07342e-006	1.42226e-006	1.2195e-006	9.14652e-007	1.53334e-006	1.21611e-006	7.87599e-007	1.65406e-006	1.23278e-006	7.01227e-007	1.79075e-006	1.28269e-006	6.48409e-007	
75	2.20532e-006	1.79382e-006	7.16861e-007	1.66595e-006	1.46853e-006	1.2646e-006	1.31507e-006	1.2441e-006	1.33076e-006	1.23251e-006	1.06089e-006	1.4253e-006	1.20196e-006	9.02389e-007	1.53429e-006	1.19238e-006	7.79261e-007	1.66376e-006	1.21028e-006	6.87303e-007	
76	2.08078e-006	1.45574e-006	6.36117e-007	2.23126e-006	1.70739e-006	7.00889e-007	1.67254e-006	1.46434e-006	1.26686e-006	1.27959e-006	1.23416e-006	1.33097e-006	1.21377e-006	1.04985e-006	1.42265e-006	1.17894e-006	8.94109e-007	1.53938e-006	1.17004e-006	7.65847e-007	
77	1.94158e-006	1.28945e-006	5.96932e-007	2.10091e-006	1.413e-006	6.21337e-007	2.22572e-006	1.71622e-006	7.03085e-007	1.59853e-006	1.42814e-006	1.25486e-006	1.2534e-006	1.22496e-006	1.32544e-006	1.19053e-006	1.04216e-006	1.42333e-006	1.15595e-006	8.819e-007	
78	1.79382e-006	1.18747e-006	5.99477e-007	1.95531e-006	1.25762e-006	5.85111e-007	2.09309e-006	1.41637e-006	6.20557e-007	2.04293e-006	1.66444e-006	1.20965e-006	1.33314e-006	1.42132e-006	1.2464e-006	1.22915e-006	1.21836e-006	1.32198e-006	1.16613e-006	1.03181e-006	
79	1.64399e-006	1.12389e-006	6.44482e-007	1.80071e-006	1.16084e-006	5.91262e-007	1.9457e-006	1.25921e-006	5.82338e-007	2.11706e-006	1.40142e-006	6.16279e-007	1.89175e-006	1.65954e-006	1.19832e-006	1.30612e-006	1.41629e-006	1.23885e-006	1.20242e-006	1.21047e-006	
80	1.499e-006	1.08828e-006	7.32027e-007	1.644e-006	1.10027e-006	6.404e-007	1.78986e-006	1.1614e-006	5.86698e-007	1.96476e-006	1.24379e-006	5.66031e-007	2.1355e-006	1.3896e-006	6.00196e-007	1.79854e-006	1.65554e-006	1.18672e-006	1.27497e-006	1.4114e-006	
81	1.36551e-006	1.07616e-006	8.59311e-007	1.49294e-006	1.06648e-006	7.32048e-007	1.63237e-006	1.1001e-006	6.34296e-007	1.80343e-006	1.14519e-006	5.65499e-007	1.98063e-006	1.22964e-006	5.41888e-007	2.15316e-006	1.37773e-006	5.8211e-007	1.70687e-006	1.65325e-006	
82	1.2483e-006	1.08658e-006	1.02205e-006	1.35328e-006	1.05562e-006	8.64115e-007	1.48178e-006	1.06558e-006	7.24238e-007	1.64022e-006	1.08288e-006	6.0905e-007	1.81614e-006	1.12931e-006	5.35335e-007	1.99395e-006	1.21664e-006	5.14174e-007	2.17841e-006	1.36451e-006	
83	1.15286e-006	1.12105e-006	1.21465e-006	1.23055e-006	1.06684e-006	1.03168e-006	1.3427e-006	1.05412e-006	8.55307e-007	1.4837e-006	1.04717e-006	6.95933e-007	1.64974e-006	1.06538e-006	5.73971e-007	1.82463e-006	1.11532e-006	5.00218e-007	2.01542e-006	1.20474e-006	
84	1.0911e-006	1.18741e-006	1.43004e-006	1.1304e-006	1.10173e-006	1.22896e-006	1.22112e-006	1.06466e-006	1.02233e-006	1.33862e-006	1.03424e-006	8.24328e-007	1.48908e-006	1.02813e-006	6.57226e-007	1.65348e-006	1.05037e-006	5.32706e-007	1.84146e-006	1.10379e-006	
85	4.75492e-007	1.52673e-006	1.6819e-006	1.06455e-006	1.16782e-006	1.44866e-006	1.1227e-006	1.09877e-006	1.21945e-006	1.21129e-006	1.04289e-006	9.90652e-007	1.33988e-006	1.0134e-006	7.82882e-007	1.48739e-006	1.01214e-006	6.11275e-007	1.66543e-006	1.03877e-006	
86	3.98824e-007	2.24235e-006	1.28925e-006	4.4547e-007	1.49381e-006	1.68221e-006	1.0524e-006	1.16136e-006	1.43939e-006	1.10753e-006	1.07444e-006	1.18835e-006	1.20835e-006	1.01984e-006	9.48427e-007	1.33289e-006	9.9624e-007	7.33886e-007	1.49352e-006	1.00032e-006	
87	3.84488e-007	2.06116e-006	1.14502e-006	3.65404e-007	2.02445e-006	1.9415e-006	1.02095e-006	1.26503e-006	1.6736e-006	1.03247e-006	1.13328e-006	1.41018e-006	1.10041e-006	1.04848e-006	1.14713e-006	1.19627e-006	1.00122e-006	8.97473e-007	1.33267e-006	9.84031e-007	
88	4.20794e-007	1.86896e-006	1.05163e-006	3.49921e-007	2.06902e-006	1.11836e-006	3.64569e-007	1.95518e-006	1.93342e-006	9.96784e-007	1.23059e-006	1.64753e-006	1.02133e-006	1.10323e-006	1.37159e-006	1.08353e-006	1.02794e-006	1.09682e-006	1.18976e-006	9.88385e-007	
89	5.07212e-007	1.67243e-006	9.91295e-007	3.86235e-007	1.87117e-006	1.02659e-006	3.2504e-007	2.07354e-006	1.12009e-006	3.39447e-007	1.79085e-006	1.91056e-006	9.81559e-007	1.19381e-006	1.61317e-006	1.00008e-006	1.08e-006	1.32384e-006	1.07079e-006	1.01422e-006	
90	6.41423e-007	1.47929e-006	9.55928e-007	4.73799e-007	1.66848e-006	9.6721e-007	3.55371e-007	1.87559e-006	1.02628e-006	2.94764e-007	2.10506e-006	1.12468e-006	3.27756e-007	1.66487e-006	1.88081e-006	9.56139e-007	1.16622e-006	1.56983e-006	9.81293e-007	1.06502e-006	
91	8.19284e-007	1.29746e-006	9.41723e-007	6.10251e-007	1.46928e-006	9.32313e-007	4.38008e-007	1.67258e-006	9.6546e-007	3.22013e-007	1.9024e-006	1.02722e-006	2.77227e-007	2.14329e-006	1.13178e-006	3.07441e-007	1.58735e-006	1.84252e-006	9.31337e-007	1.14907e-006	
92	1.03593e-006	1.13479e-006	9.47452e-007	7.91377e-007	1.28169e-006	9.18197e-007	5.70763e-007	1.47284e-006	9.29392e-007	4.02574e-007	1.69356e-006	9.63773e-007	3.00365e-007	1.93537e-006	1.0292e-006	2.51176e-007	2.1731e-006	1.14674e-006	2.88477e-007	1.54256e-006	
93	1.28301e-006	9.98024e-007	9.74128e-007	1.01191e-006	1.11365e-006	9.23666e-007	7.49567e-007	1.28447e-006	9.14211e-007	5.3433e-007	1.48707e-006	9.25563e-007	3.7748e-007	1.71993e-006	9.62165e-007	2.70291e-007	1.95987e-006	1.03674e-006	2.24081e-007	2.19199e-006	
94	1.55044e-006	8.93129e-007	1.02537e-006	1.26398e-006	9.72239e-007	9.49664e-007	9.68507e-007	1.11515e-006	9.18632e-007	7.13266e-007	1.2913e-006	9.08439e-007	5.06577e-007	1.50576e-006	9.21089e-007	3.44255e-007	1.73807e-006	9.64772e-007	2.36956e-007	1.97397e-006	
95	1.84242e-006	8.29846e-007	1.1085e-006	1.53698e-006	8.63465e-007	9.99688e-007	1.22134e-006	9.72411e-007	9.43428e-007	9.33446e-007	1.11415e-006	9.10913e-007	6.83755e-007	1.30153e-006	9.01407e-007	4.71199e-007	1.51675e-006	9.19945e-007	3.05637e-007	1.74674e-006	
96	1.11983e-006	1.78238e-007	1.46761e-006	1.83424e-006	7.96966e-007	1.08065e-006	1.49671e-006	8.62039e-007	9.91968e-007	1.18833e-006	9.63302e-007	9.33571e-007	9.0317e-007	1.11544e-006	9.01347e-007	6.47326e-007	1.30483e-006	8.97077e-007	4.2845e-007	1.51953e-006	
97	1.00762e-006	9.54786e-008	2.21583e-006	1.12032e-006	1.45555e-007	1.41448e-006	1.79615e-006	7.93146e-007	1.07077e-006	1.46727e-006	8.45013e-007	9.79481e-007	1.15782e-006	9.55297e-007	9.21249e-007	8.66879e-007	1.11078e-006	8.94012e-007	6.01779e-007	1.30145e-006	
98	9.34212e-007	9.98668e-008	1.97926e-006	1.00483e-006	5.71119e-008	2.24333e-006	1.13622e-006	1.50422e-007	1.38891e-006	1.75864e-006	7.64787e-007	1.05523e-006	1.4382e-006	8.2796e-007	9.63786e-007	1.1224e-006	9.4251e-007	9.10781e-007	8.20022e-007	1.10115e-006	
99	8.88294e-007	1.6419e-007	1.73299e-006	9.29405e-007	5.8175e-008	1.99774e-006	1.01252e-006	5.07838e-008	1.98511e-006	2.06296e-006	7.31053e-007	1.17331e-006	1.73211e-006	7.39044e-007	1.03479e-006	1.40545e-006	8.07389e-007	9.49633e-007	1.07559e-006	9.26641e-007	
100	8.64441e-007	2.86916e-007	1.48685e-006	8.82035e-007	1.20352e-007	1.74163e-006	9.31937e-007	4.08766e-008	2.01284e-006	1.01639e-006	5.15176e-008	1.77917e-006	2.03912e-006	6.96948e-007	1.14573e-006	1.70323e-006	7.11116e-007	1.01565e-006	1.3604e-006	7.85505e-007	
101	8.6036e-007	4.6452e-007	1.25053e-006	8.56992e-007	2.42181e-007	1.48519e-006	8.80841e-007	9.242e-008	1.75379e-006	9.32194e-007	0	2.03846e-006	1.02225e-006	1.78127e-008	1.66631e-006	2.01422e-006	6.61983e-007	1.1193e-006	1.66192e-006	6.83655e-007	
102	8.75995e-007	6.91376e-007	1.03316e-006	8.51803e-007	4.20191e-007	1.23848e-006	8.52775e-007	2.04296e-007	1.49372e-006	8.7855e-007	4.47866e-008	1.77596e-006	9.35066e-007	0	2.04498e-006	1.03125e-006	0	1.57551e-006	1.97739e-006	6.29172e-007	
103	9.13271e-007	9.59731e-007	8.43107e-007	8.66276e-007	6.48796e-007	1.01096e-006	8.44847e-007	3.7336e-007	1.24283e-006	8.48447e-007	1.51512e-007	1.51208e-006	8.79231e-007	0	1.80378e-006	9.36279e-007	0	2.05534e-006	1.04652e-006	0	
104	9.76922e-007	1.25996e-006	6.87899e-007	9.02042e-007	9.20244e-007	8.1128e-007	8.56548e-007	5.9438e-007	1.0107e-006	8.38696e-007	3.1689e-007	1.25593e-006	8.47463e-007	9.64681e-008	1.53907e-006	8.77533e-007	0	1.80778e-006	9.45625e-007	0	
105	1.07834e-006	1.58159e-006	5.74429e-007	9.63903e-007	1.22467e-006	6.47164e-007	8.89125e-007	8.59949e-007	8.06054e-007	8.48571e-007	5.35876e-007	1.01776e-006	8.36264e-007	2.57876e-007	1.27753e-006	8.43803e-007	4.41556e-008	1.5699e-006	8.78926e-007	0	
106	1.61227e-006	1.91722e-006	5.09909e-007	1.06271e-006	1.55182e-006	5.25794e-007	9.47025e-007	1.16052e-006	6.36698e-007	8.79007e-007	8.0122e-007	8.06464e-007	8.44754e-007	4.74544e-007	1.03219e-006	8.30924e-007	2.02191e-007	1.30527e-006	8.42169e-007	6.30343e-010	
107	1.99508e-006	1.07904e-006	0	1.58944e-006	1.89358e-006	4.54422e-007	1.04007e-006	1.48536e-006	5.09647e-007	9.34409e-007	1.10348e-006	6.30004e-007	8.73646e-007	7.39385e-007	8.12848e-007	8.37744e-007	4.17023e-007	1.05344e-006	8.26864e-007	1.5568e-007	
108	1.7169e-006	9.64098e-007	0	1.99802e-006	1.08878e-006	0	1.58245e-006	1.82636e-006	4.32134e-007	1.02398e-006	1.43156e-006	4.95437e-007	9.27334e-007	1.04307e-006	6.27687e-007	8.64712e-007	6.81711e-007	8.26513e-007	8.31319e-007	3.67937e-007	
109	1.479e-006	8.85527e-007	0	1.71395e-006	9.68668e-007	0	1.99474e-006	1.13244e-006	0	1.5279e-006	1.77742e-006	4.10167e-007	1.01462e-006	1.37419e-006	4.83866e-007	9.16168e-007	9.87032e-007	6.32881e-007	8.55694e-007	6.31863e-007	
110	1.26757e-006	8.35134e-007	0	1.46981e-006	8.86994e-007	0	1.70483e-006	9.99653e-007	0	2.01619e-006	1.15803e-006	0	1.50888e-006	1.72471e-006	3.88999e-007	1.00037e-006	1.32159e-006	4.79924e-007	9.04048e-007	9.37943e-007	
111	1.00222e-006	8.15616e-007	9.26409e-009	1.26972e-006	8.32643e-007	0	1.45478e-006	9.10347e-007	0	1.7177e-006	1.01508e-006	0	2.01851e-006	1.19338e-006	0	1.47515e-006	1.67631e-006	3.75203e-007	9.84019e-007	1.27485e-006	
112	7.55072e-007	8.16927e-007	2.21731e-007	1.00032e-006	8.11438e-007	0	1.25476e-006	8.50156e-007	0	1.45784e-006	9.19933e-007	0	1.71126e-006	1.03704e-006	0	2.02844e-006	1.22596e-006	0	1.4291e-006	1.63233e-006	
113	5.42177e-007	8.38596e-007	4.89101e-007	7.46925e-007	8.11353e-007	1.49214e-007	1.01946e-006	8.21434e-007	0	1.24723e-006	8.55894e-007	0	1.4423e-006	9.34545e-007	0	1.71015e-006	1.05685e-006	0	2.05019e-006	1.25455e-006	
114	3.71244e-007	8.84209e-007	8.02392e-007	5.27708e-007	8.3165e-007	4.18316e-007	7.64216e-007	8.1828e-007	1.0772e-007	1.02708e-006	8.2174e-007	0	1.22262e-006	8.658e-007	0	1.42959e-006	9.4765e-007	0	1.72183e-006	1.07392e-006	
115	2.48949e-007	9.61258e-007	1.15024e-006	3.50538e-007	8.75686e-007	7.35305e-007	5.37453e-007	8.36294e-007	3.71758e-007	7.67076e-007	8.15798e-007	4.98594e-008	1.02977e-006	8.24635e-007	0	1.19823e-006	8.74748e-007	0	1.43009e-006	9.58885e-007	
116	0	1.45249e-006	1.51909e-006	2.22168e-007	9.50679e-007	1.08882e-006	3.51878e-007	8.77981e-007	6.84823e-007	5.324e-007	8.3137e-007	3.08828e-007	7.68971e-007	8.15604e-007	0	1.02496e-006	8.27489e-007	0	1.18693e-006	8.82469e-007	
117	0	2.00752e-006	1.37094e-006	0	1.44178e-006	1.46524e-006	2.14429e-007	9.50177e-007	1.03581e-006	3.38566e-007	8.70341e-007	6.18576e-007	5.29146e-007	8.2867e-007	2.36302e-007	7.70866e-007	8.1475e-007	0	1.00175e-006	8.32868e-007	
118	0	1.65423e-006	1.14006e-006	0	2.00757e-006	1.43065e-006	0	1.42864e-006	1.4113e-006	1.92676e-007	9.39064e-007	9.68253e-007	3.2969e-007	8.64961e-007	5.41729e-007	5.2586e-007	8.25525e-007	1.65886e-007	7.79525e-007	8.13995e-007	
119	0	1.33767e-006	1.00285e-006	0	1.64743e-006	1.16824e-006	0	2.01362e-006	1.51129e-006	0	1.39838e-006	1.34464e-006	1.77762e-007	9.30377e-007	8.89405e-007	3.19117e-007	8.59587e-007	4.6606e-007	5.32119e-007	8.2249e-007	
120	0	1.0707e-006	9.14245e-007	0	1.32358e-006	1.01855e-006	0	1.64824e-006	1.21036e-006	0	2.03203e-006	1.62618e-006	0	1.36425e-006	1.26635e-006	1.59527e-007	9.22313e-007	8.10748e-007	3.17237e-007	8.54736e-007	
121	0	8.63513e-007	8.56977e-007	0	1.04917e-006	9.23164e-007	0	1.31834e-006	1.04711e-006	0	1.66046e-006	1.26005e-006	0	2.05658e-006	1.82839e-006	0	1.33538e-006	1.18725e-006	1.48869e-007	9.15321e-007	
122	0	7.23405e-007	8.22981e-007	0	8.34641e-007	8.61538e-007	0	1.03733e-006	9.44641e-007	0	1.32299e-006	1.07763e-006	0	1.67898e-006	1.32522e-006	0	2.07674e-006	2.21922e-006	2.10511e-007	9.88479e-007	
123	2.86038e-007	4.82396e-007	8.26476e-007	0	6.87554e-007	8.24515e-007	0	8.15924e-007	8.78557e-007	0	1.03336e-006	9.65566e-007	0	1.33374e-006	1.11524e-006	0	1.69062e-006	1.40793e-006	0	2.21944e-006	
124	6.34673e-007	2.52485e-007	8.56813e-007	2.33016e-007	4.72489e-007	8.22196e-007	0	6.61929e-007	8.38659e-007	0	8.02637e-007	8.9361e-007	0	1.03496e-006	9.90323e-007	0	1.33537e-006	1.1611e-006	0	1.69951e-006	
125	1.01976e-006	6.72711e-008	9.16467e-007	5.81754e-007	2.41443e-007	8.49333e-007	1.54549e-007	4.87454e-007	8.29699e-007	0	6.38959e-007	8.49767e-007	0	7.94121e-007	9.10778e-007	0	1.02555e-006	1.02079e-006	0	1.33166e-006	
126	2.10515e-006	1.20672e-007	9.8856e-007	9.6827e-007	5.01206e-008	9.05773e-007	4.98063e-007	2.6036e-007	8.54357e-007	9.04436e-008	4.93399e-007	8.33927e-007	0	6.19757e-007	8.61832e-007	0	7.73092e-007	9.32625e-007	0	1.00835e-006	
127	1.6566e-006	0	2.18244e-006	2.04936e-006	9.46173e-008	9.74679e-007	8.81819e-007	6.51226e-008	9.09177e-007	4.30835e-007	2.65014e-007	8.55278e-007	3.26706e-008	4.97935e-007	8.38546e-007	0	5.86979e-007	8.78085e-007	0	7.42052e-007	
128	1.26918e-006	0	1.62985e-006	1.83003e-006	0	2.20731e-006	1.9701e-006	1.0587e-007	9.76002e-007	8.13226e-007	6.18562e-008	9.07276e-007	3.68052e-007	2.67886e-007	8.55787e-007	0	4.73154e-007	8.48696e-007	0	5.42245e-007	
129	1.08627e-006	0	1.23352e-006	1.3271e-006	0	1.65132e-006	2.21584e-006	0	1.12745e-006	1.22324e-006	0	1.03027e-006	7.47069e-007	5.6966e-008	9.03991e-007	2.92578e-007	2.61205e-007	8.59909e-007	0	4.15367e-007	
130	9.77313e-007	0	8.81808e-007	1.1227e-006	0	1.2491e-006	1.41193e-006	0	1.81965e-006	2.20355e-006	0	1.14581e-006	1.15557e-006	0	1.02638e-006	6.68006e-007	4.68168e-008	9.04239e-007	2.09304e-007	2.41195e-007	
131	9.10755e-007	0	5.88093e-007	1.00416e-006	0	8.89888e-007	1.16845e-006	0	1.2629e-006	1.48981e-006	0	1.83568e-006	2.14239e-006	0	1.1396e-006	1.07524e-006	0	1.02901e-006	5.79506e-007	2.76962e-008	
132	8.73886e-007	0	3.62668e-007	9.32336e-007	0	5.87404e-007	1.03367e-006	0	8.93284e-007	1.20703e-006	0	1.26759e-006	1.5988e-006	0	1.86053e-006	2.07066e-006	0	1.14096e-006	9.84089e-007	0	
133	8.63275e-007	0	2.12634e-007	8.92275e-007	0	3.52292e-007	9.52686e-007	0	5.79117e-007	1.05811e-006	0	8.86896e-007	1.25698e-006	0	1.29047e-006	1.77866e-006	0	1.8777e-006	1.98438e-006	0	
134	9.05134e-007	0	1.41921e-007	8.77537e-007	0	1.91994e-007	9.0659e-007	0	3.31495e-007	9.69691e-007	0	5.60749e-007	1.09028e-006	0	9.03635e-007	1.32184e-006	0	1.30744e-006	2.22191e-006	0	
135	1.05527e-006	3.4926e-007	0	9.24183e-007	0	1.10792e-007	8.87386e-007	0	1.58301e-007	9.18984e-007	0	3.00689e-007	9.93045e-007	0	5.69597e-007	1.12962e-006	0	9.15213e-007	1.41782e-006	0	
136	1.31362e-006	7.52639e-007	0	1.07902e-006	2.96742e-007	0	9.3053e-007	0	6.42465e-008	8.96609e-007	0	1.15004e-007	9.37085e-007	0	3.00231e-007	1.02043e-006	0	5.74118e-007	1.18455e-006	0	
137	1.69041e-006	1.18027e-006	0	1.35331e-006	6.98385e-007	0	1.08123e-006	2.25895e-007	0	9.38707e-007	0	8.77973e-009	9.0843e-007	0	1.04184e-007	9.57457e-007	0	2.96342e-007	1.05815e-006	0	
138	1.44196e-006	2.05779e-006	0	1.79131e-006	1.12552e-006	0	1.35484e-006	6.18582e-007	0	1.0844e-006	1.42511e-007	0	9.49379e-007	0	0	9.30708e-007	0	9.08543e-008	9.85484e-007	0	
139	8.5034e-007	1.85378e-006	0	1.42425e-006	1.99848e-006	0	1.79957e-006	1.03907e-006	0	1.35758e-006	5.30804e-007	0	1.09449e-006	7.09809e-008	0	9.57987e-007	0	0	9.60353e-007	0	
140	4.65551e-007	1.35546e-006	0	8.34598e-007	2.22802e-006	0	1.95423e-006	2.07016e-006	0	1.68557e-006	9.49361e-007	0	1.37528e-006	4.54939e-007	0	1.09344e-006	0	0	9.69048e-007	0	
141	1.42851e-007	1.16344e-006	0	4.49385e-007	1.42444e-006	0	1.02001e-006	2.19597e-006	0	1.97856e-006	1.98844e-006	0	1.72352e-006	8.7114e-007	0	1.37139e-006	3.76995e-007	0	1.09688e-006	0	
142	0	1.10602e-006	0	1.25485e-007	1.20367e-006	0	4.53344e-007	1.56616e-006	0	1.03721e-006	2.12264e-006	0	1.9656e-006	1.90584e-006	0	1.7196e-006	7.90781e-007	0	1.37178e-006	3.00801e-007	
143	0	1.12168e-006	0	0	1.14789e-006	0	1.21695e-007	1.28132e-006	0	4.58719e-007	1.71815e-006	0	1.03865e-006	2.048e-006	0	1.96656e-006	1.82545e-006	0	1.71373e-006	7.121e-007	
144	0	1.1396e-006	0	0	1.16298e-006	0	0	1.21938e-006	0	1.12969e-007	1.33961e-006	0	4.56899e-007	2.05943e-006	0	1.05442e-006	1.97629e-006	0	1.97081e-006	1.74722e-006	
145	0	1.19956e-006	0	0	1.18075e-006	0	0	1.23794e-006	0	0	1.27526e-006	0	1.0274e-007	1.42334e-006	0	4.687e-007	2.18547e-006	0	1.57167e-006	2.05812e-006	
146	0	1.49722e-006	5.35487e-008	0	1.22697e-006	0	0	1.25896e-006	0	0	1.29617e-006	0	0	1.35612e-006	0	1.04977e-007	1.52053e-006	0	6.66068e-007	2.17595e-006	
147	0	2.23409e-006	1.13161e-006	0	1.31479e-006	0	0	1.28407e-006	0	0	1.32034e-006	0	0	1.38196e-006	0	0	1.43805e-006	0	1.0864e-007	1.64575e-006	
148	0	1.91438e-006	1.47673e-006	0	1.92658e-006	3.70194e-007	0	1.59747e-006	0	0	1.34962e-006	0	0	1.41166e-006	0	0	1.47201e-006	0	0	1.53995e-006	
149	0	1.50047e-006	1.77737e-006	0	1.89538e-006	1.37519e-006	0	2.18711e-006	9.64696e-007	0	1.39125e-006	0	0	1.44768e-006	0	0	1.51175e-006	0	0	1.59071e-006	
150	0	1.10679e-006	2.06397e-006	0	1.51589e-006	1.6992e-006	0	1.87327e-006	1.30774e-006	0	2.2301e-006	8.92244e-007	0	1.42943e-006	0	0	1.56105e-006	0	0	1.65281e-006	
151	0	7.25262e-007	1.74647e-006	0	6.33426e-007	1.84102e-006	0	1.46305e-006	1.60794e-006	0	1.86026e-006	1.21707e-006	0	2.2176e-006	7.91098e-007	0	1.46078e-006	0	0	1.73518e-006	
152	0	3.77762e-007	1.36846e-006	0	4.6429e-008	2.03437e-006	0	1.069e-006	1.8979e-006	0	1.48177e-006	1.5264e-006	0	1.85057e-006	1.11224e-006	0	2.21619e-006	6.91375e-007	0	1.50393e-006	
153	0	9.5442e-008	1.21154e-006	0	0	2.04106e-006	0	6.77315e-007	2.15301e-006	0	1.11255e-006	1.82659e-006	0	1.47479e-006	1.41909e-006	0	1.85105e-006	1.00867e-006	0	2.20935e-006	
154	0	0	1.18995e-006	0	0	2.01489e-006	0	3.18507e-007	1.61234e-006	0	2.42744e-007	1.94174e-006	0	1.07246e-006	1.70937e-006	0	1.47228e-006	1.31128e-006	0	1.84519e-006	
155	0	0	2.19637e-006	0	0	1.43534e-006	0	0	2.11803e-006	0	1.62254e-007	2.24387e-006	0	7.29276e-007	1.98879e-006	0	1.10146e-006	1.61145e-006	0	1.46747e-006	
156	3.68869e-007	0	2.24391e-006	3.9456e-008	0	1.24796e-006	0	0	1.90451e-006	0	4.45089e-009	1.42758e-006	0	0	2.00548e-006	0	7.02451e-007	1.87796e-006	0	1.09068e-006	
157	6.83114e-007	0	2.09191e-006	3.45803e-007	0	1.53378e-006	0	0	1.8745e-006	0	0	1.47773e-006	0	0	1.76979e-006	0	2.71781e-007	2.09109e-006	0	7.27151e-007	
158	9.84739e-007	0	1.72784e-006	6.26628e-007	0	2.07708e-006	2.16933e-007	0	2.18036e-006	0	0	1.46201e-006	0	0	1.74439e-006	0	0	2.22289e-006	0	3.86469e-007	
159	1.28852e-006	0	1.34551e-006	9.23169e-007	0	1.71572e-006	5.21276e-007	0	2.06304e-006	1.37348e-007	0	1.65211e-006	0	0	1.71835e-006	0	0	2.1853e-006	0	5.99045e-008	
160	1.57839e-006	0	9.62363e-007	1.2232e-006	0	1.33687e-006	8.14387e-007	0	1.71077e-006	4.129e-007	0	2.06085e-006	2.51688e-008	0	2.11982e-006	0	0	2.23774e-006	0	0	
161	1.83247e-006	0	5.91549e-007	1.51126e-006	0	9.5545e-007	1.11362e-006	0	1.33652e-006	7.0796e-007	0	1.70439e-006	3.26023e-007	0	2.04754e-006	0	0	2.22747e-006	0	0	
162	1.9981e-006	0	2.37411e-007	1.77042e-006	0	5.85534e-007	1.404e-006	0	9.57374e-007	1.0114e-006	0	1.32637e-006	6.16045e-007	0	1.70548e-006	2.14638e-007	0	2.00596e-006	0	0	
163	1.97573e-006	0	0	1.90768e-006	0	2.23188e-007	1.66615e-006	0	5.86657e-007	1.3081e-006	0	9.41445e-007	9.16204e-007	0	1.33707e-006	4.95671e-007	0	1.67422e-006	1.08741e-007	0	
164	1.93259e-006	0	0	1.85819e-006	0	0	1.78925e-006	0	2.16314e-007	1.57732e-006	0	5.62721e-007	1.21147e-006	0	9.59003e-007	7.89611e-007	0	1.30919e-006	3.85155e-007	0	
165	1.86752e-006	0	0	1.80173e-006	0	0	1.73943e-006	0	0	1.69798e-006	0	1.80101e-007	1.4806e-006	0	5.83838e-007	1.08181e-006	0	9.33162e-007	6.76459e-007	0	
166	1.77177e-006	0	0	1.73581e-006	0	0	1.6874e-006	0	0	1.65177e-006	0	0	1.56918e-006	0	1.93998e-007	1.34906e-006	0	5.57853e-007	9.68214e-007	0	
167	1.61128e-006	0	0	1.65191e-006	0	0	1.62988e-006	0	0	1.6044e-006	0	0	1.51756e-006	0	0	1.44359e-006	0	1.66665e-007	1.23775e-006	0	
168	1.30357e-006	0	0	1.52733e-006	0	0	1.56022e-006	0	0	1.55282e-006	0	0	1.46648e-006	0	0	1.39139e-006	0	0	1.31421e-006	0	
169	9.30822e-007	2.42669e-007	0	1.25252e-006	0	0	1.45129e-006	0	0	1.4891e-006	0	0	1.41301e-006	0	0	1.34062e-006	0	0	1.26226e-006	0	
170	5.48767e-007	5.30756e-007	0	8.91498e-007	1.49785e-007	0	1.23126e-006	0	0	1.39379e-006	0	0	1.35113e-006	0	0	1.28849e-006	0	0	1.2124e-006	0	
171	1.23837e-007	8.00426e-007	0	5.11807e-007	4.34091e-007	0	8.96791e-007	3.9432e-008	0	1.23774e-006	0	0	1.27129e-006	0	0	1.23111e-006	0	0	1.16229e-006	0	
172	0	8.29435e-007	0	8.80283e-008	7.01476e-007	0	5.22137e-007	3.13745e-007	0	9.33882e-007	0	0	1.15025e-006	0	0	1.16119e-006	0	0	1.10868e-006	0	
173	0	7.64081e-007	0	0	7.03943e-007	0	9.51267e-008	5.71875e-007	0	5.63858e-007	1.62706e-007	0	9.16308e-007	0	0	1.05971e-006	0	0	1.04547e-006	0	
174	0	7.02069e-007	0	0	6.36306e-007	0	0	5.71418e-007	0	1.38257e-007	4.19957e-007	0	5.77936e-007	2.2949e-008	0	9.0807e-007	0	0	9.65302e-007	0	
175	0	6.41934e-007	0	0	5.72477e-007	0	0	4.98256e-007	0	0	4.49616e-007	0	1.63846e-007	2.75533e-007	0	6.09061e-007	0	0	8.44144e-007	0	
176	0	5.81966e-007	0	0	5.11006e-007	0	0	4.29704e-007	0	0	3.76381e-007	0	0	3.23026e-007	0	2.05677e-007	1.27127e-007	0	6.18597e-007	0	
177	0	5.2027e-007	0	0	4.50307e-007	0	0	3.64465e-007	0	0	3.07811e-007	0	0	2.46831e-007	0	0	2.04981e-007	0	2.55336e-007	0	
178	0	4.53844e-007	0	0	3.88505e-007	0	0	3.01068e-007	0	0	2.4258e-007	0	0	1.75717e-007	0	0	1.2779e-007	0	0	9.74384e-008	
179	0	3.78155e-007	0	0	3.23285e-007	0	0	2.37855e-007	0	0	1.79228e-007	0	0	1.08426e-007	0	0	5.56787e-008	0	0	1.68591e-008	
PloughingZone Area: theta Ac1 Ac2 ..
0	0	0	0	0	0	0	0	0	0	0	0	0	0	0	0	0	0	0	0	0	
1	0	0	0	0	0	0	0	0	0	0	0	0	0	0	0	0	0	0	0	0	
2	0	0	0	0	0	0	0	0	0	0	0	0	0	0	0	0	0	0	0	0	
3	0	0	0	0	0	0	0	0	0	0	0	0	0	0	0	0	0	0	0	0	
4	0	0	0	0	0	0	0	0	0	0	0	0	0	0	0	0	0	0	0	0	
5	0	0	0	0	0	0	0	0	0	0	0	0	0	0	0	0	0	0	0	0	
6	0	0	0	0	0	0	0	0	0	0	0	0	0	0	0	0	0	0	0	0	
7	0	0	0	0	0	0	0	0	0	0	0	0	0	0	0	0	0	0	0	0	
8	0	0	0	0	0	0	0	0	0	0	0	0	0	0	0	0	0	0	0	0	
9	0	0	0	0	0	0	0	0	0	0	0	0	0	0	0	0	0	0	0	0	
10	0	0	0	0	0	0	0	0	0	0	0	0	0	0	0	0	0	0	0	0	
11	0	0	0	0	0	0	0	0	0	0	0	0	0	0	0	0	0	0	0	0	
12	0	0	0	0	0	0	0	0	0	0	0	0	0	0	0	0	0	0	0	0	
13	0	0	0	0	0	0	0	0	0	0	0	0	0	0	0	0	0	0	0	0	
14	0	0	0	0	0	0	0	0	0	0	0	0	0	0	0	0	0	0	0	0	
15	0	0	0	0	0	0	0	0	0	0	0	0	0	0	0	0	0	0	0	0	
16	0	0	0	0	0	0	0	0	0	0	0	0	0	0	0	0	0	0	0	0	
17	0	0	0	0	0	0	0	0	0	0	0	0	0	0	0	0	0	0	0	0	
18	0	0	0	0	0	0	0	0	0	0	0	0	0	0	0	0	0	0	0	0	
19	0	0	0	0	0	0	0	0	0	0	0	0	0	0	0	0	0	0	0	0	
20	0	0	0	0	0	0	0	0	0	0	0	0	0	0	0	0	0	0	0	0	
21	0	0	0	0	0	0	0	0	0	0	0	0	0	0	0	0	0	0	0	0	
22	0	0	0	0	0	0	0	0	0	0	0	0	0	0	0	0	0	0	0	0	
23	0	0	0	0	0	0	0	0	0	0	0	0	0	0	0	0	0	0	0	0	
24	0	0	0	0	0	0	0	0	0	0	0	0	0	0	0	0	0	0	0	0	
25	0	0	0	0	0	0	0	0	0	0	0	0	0	0	0	0	0	0	0	0	
26	0	0	0	0	0	0	0	0	0	0	0	0	0	0	0	0	0	0	0	0	
27	0	0	0	0	0	0	0	0	0	0	0	0	0	0	0	0	0	0	0	0	
28	0	0	0	0	0	0	0	0	0	0	0	0	0	0	0	0	0	0	0	0	
29	0	0	0	0	0	0	0	0	0	0	0	0	0	0	0	0	0	0	0	0	
30	0	0	0	0	0	0	0	0	0	0	0	0	0	0	0	0	0	0	0	0	
31	0	0	0	0	0	0	0	0	0	0	0	0	0	0	0	0	0	0	0	0	
32	0	0	0	0	0	0	0	0	0	0	0	0	0	0	0	0	0	0	0	0	
33	0	0	0	0	0	0	0	0	0	0	0	0	0	0	0	0	0	0	0	0	
34	0	0	0	0	0	0	0	0	0	0	0	0	0	0	0	0	0	0	0	0	
35	0	0	0	0	0	0	0	0	0	0	0	0	0	0	0	0	0	0	0	0	
36	0	0	0	0	0	0	0	0	0	0	0	0	0	0	0	0	0	0	0	0	
37	0	0	0	0	0	0	0	0	0	0	0	0	0	0	0	0	0	0	0	0	
38	0	0	0	0	0	0	0	0	0	0	0	0	0	0	0	0	0	0	0	0	
39	0	0	0	0	0	0	0	0	0	0	0	0	0	0	0	0	0	0	0	0	
40	0	0	0	0	0	0	0	0	0	0	0	0	0	0	0	0	0	0	0	0	
41	0	0	0	0	0	0	0	0	0	0	0	0	0	0	0	0	0	0	0	0	
42	0	0	0	0	0	0	0	0	0	0	0	0	0	0	0	0	0	0	0	0	
43	0	0	0	0	0	0	0	0	0	0	0	0	0	0	0	0	0	0	0	0	
44	0	0	0	0	0	0	0	0	0	0	0	0	0	0	0	0	0	0	0	0	
45	0	0	0	0	0	0	0	0	0	0	0	0	0	0	0	0	0	0	0	0	
46	0	0	0	0	0	0	0	0	0	0	0	0	0	0	0	0	0	0	0	0	
47	0	0	0	0	0	0	0	0	0	0	0	0	0	0	0	0	0	0	0	0	
48	0	0	0	0	0	0	0	0	0	0	0	0	0	0	0	0	0	0	0	0	
49	0	0	0	0	0	0	0	0	0	0	0	0	0	0	0	0	0	0	0	0	
50	0	0	0	0	0	0	0	0	0	0	0	0	0	0	0	0	0	0	0	0	
51	0	0	0	0	0	0	0	0	0	0	0	0	0	0	0	0	0	0	0	0	
52	0	0	0	0	0	0	0	0	0	0	0	0	0	0	0	0	0	0	0	0	
53	0	0	0	0	0	0	0	0	0	0	0	0	0	0	0	0	0	0	0	0	
54	0	0	0	0	0	0	0	0	0	0	0	0	0	0	0	0	0	0	0	0	
55	0	0	0	0	0	0	0	0	0	0	0	0	0	0	0	0	0	0	0	0	
56	0	0	0	0	0	0	0	0	0	0	0	0	0	1.49597e-007	0	0	0	0	0	0	
57	0	0	0	0	0	0	0	0	0	0	0	0	0	2.61935e-007	0	0	0	0	0	2.94805e-007	
58	0	0	0	0	0	0	0	0	0	0	0	0	0	1.32375e-007	0	0	0	0	0	4.36984e-007	
59	0	0	0	0	0	0	0	0	0	0	0	0	0	0	0	0	3.57161e-007	0	0	1.86074e-007	
60	0	0	0	0	0	1.6653e-007	0	0	0	0	0	0	0	0	0	0	0	0	0	4.89485e-007	
61	0	0	4.79397e-007	0	0	3.02986e-007	0	0	0	0	0	0	0	0	0	0	0	0	0	2.9606e-007	
62	0	0	6.02167e-007	0	0	5.67395e-007	0	0	4.23727e-007	0	0	0	0	0	0	0	0	0	0	0	
63	0	0	6.21657e-007	0	0	6.68375e-007	0	0	6.41178e-007	0	0	5.28808e-007	0	0	2.64822e-007	0	0	0	0	0	
64	0	0	5.82188e-007	0	0	6.76304e-007	0	0	7.31867e-007	0	0	7.21622e-007	0	0	6.39222e-007	0	0	4.51677e-007	0	0	
65	0	0	6.3798e-007	0	0	5.94803e-007	0	0	7.39691e-007	0	0	8.06966e-007	0	0	8.06963e-007	0	0	7.43864e-007	0	0	
66	0	0	1.46553e-007	0	0	3.28428e-007	0	0	6.90934e-007	0	0	8.1542e-007	0	0	8.83025e-007	0	0	8.95419e-007	0	0	
67	6.92001e-007	0	0	3.33213e-007	0	0	0	0	6.63965e-007	0	0	7.70603e-007	0	0	8.87485e-007	0	0	9.65814e-007	0	0	
68	9.70064e-007	0	0	8.1534e-007	0	0	4.25076e-007	0	0	0	0	7.47859e-007	0	0	8.41083e-007	0	0	9.69206e-007	0	0	
69	1.1413e-006	0	0	1.06889e-006	0	0	8.53183e-007	0	0	5.65635e-007	0	0	0	0	8.18772e-007	0	0	9.2395e-007	0	0	
70	1.24078e-006	0	0	1.23044e-006	0	0	1.09425e-006	0	0	9.41138e-007	0	0	6.15998e-007	0	0	0	0	9.03685e-007	0	0	
71	1.2789e-006	0	0	1.32448e-006	0	0	1.24864e-006	0	0	1.17083e-006	0	0	9.78039e-007	0	0	6.9868e-007	0	0	0	0	
72	1.25883e-006	0	0	1.35886e-006	0	0	1.33741e-006	0	0	1.32063e-006	0	0	1.20548e-006	0	0	1.03906e-006	0	0	7.53395e-007	0	
73	1.16551e-006	0	0	1.33595e-006	0	0	1.3674e-006	0	0	1.40712e-006	0	0	1.35545e-006	0	0	1.26045e-006	0	0	1.08573e-006	0	
74	5.54752e-007	0	0	1.24213e-006	0	0	1.34057e-006	0	0	1.43586e-006	0	0	1.44307e-006	0	0	1.40793e-006	0	0	1.30665e-006	0	
75	0	5.05218e-007	0	6.75396e-007	0	0	1.24387e-006	0	0	1.40849e-006	0	0	1.47346e-006	0	0	1.49432e-006	0	0	1.45552e-006	0	
76	0	9.94164e-007	0	0	6.18561e-007	0	6.66246e-007	0	0	1.31277e-006	0	0	1.44806e-006	0	0	1.52401e-006	0	0	1.54393e-006	0	
77	0	1.29336e-006	0	0	1.06643e-006	0	0	6.06663e-007	0	7.71745e-007	0	0	1.36538e-006	0	0	1.49838e-006	0	0	1.57594e-006	0	
78	0	1.5051e-006	0	0	1.35681e-006	0	0	1.06062e-006	0	2.10857e-007	0	0	1.20978e-006	0	0	1.41551e-006	0	0	1.55276e-006	0	
79	0	1.65096e-006	0	0	1.56476e-006	0	0	1.35358e-006	0	0	1.08652e-006	0	3.84315e-007	0	0	1.26101e-006	0	0	1.47245e-006	0	
80	0	1.73807e-006	0	0	1.70826e-006	0	0	1.56348e-006	0	0	1.38508e-006	0	0	1.10726e-006	0	4.99217e-007	0	0	1.32194e-006	0	
81	0	1.76868e-006	0	0	1.79352e-006	0	0	1.70867e-006	0	0	1.60078e-006	0	0	1.41448e-006	0	0	1.12833e-006	0	6.19269e-007	0	
82	0	1.74233e-006	0	0	1.82177e-006	0	0	1.79583e-006	0	0	1.75165e-006	0	0	1.63805e-006	0	0	1.44194e-006	0	0	1.15209e-006	
83	0	1.65776e-006	0	0	1.7926e-006	0	0	1.82572e-006	0	0	1.84407e-006	0	0	1.79637e-006	0	0	1.67154e-006	0	0	1.46745e-006	
84	0	1.50524e-006	0	0	1.70467e-006	0	0	1.79822e-006	0	0	1.8787e-006	0	0	1.89531e-006	0	0	1.83558e-006	0	0	1.69961e-006	
85	0	8.80188e-007	0	0	1.54893e-006	0	0	1.71196e-006	0	0	1.85545e-006	0	0	1.93592e-006	0	0	1.93944e-006	0	0	1.8665e-006	
86	0	0	1.29375e-006	0	9.32155e-007	0	0	1.56358e-006	0	0	1.77308e-006	0	0	1.91805e-006	0	0	1.98439e-006	0	0	1.97276e-006	
87	0	0	1.60115e-006	0	2.31294e-007	0	0	1.34183e-006	0	0	1.62865e-006	0	0	1.84058e-006	0	0	1.9702e-006	0	0	2.01965e-006	
88	0	0	1.83228e-006	0	0	1.66421e-006	0	3.09742e-007	0	0	1.41249e-006	0	0	1.70099e-006	0	0	1.89582e-006	0	0	2.007e-006	
89	0	0	1.99859e-006	0	0	1.89951e-006	0	0	1.66006e-006	0	5.09002e-007	0	0	1.49118e-006	0	0	1.75892e-006	0	0	1.93363e-006	
90	0	0	2.1034e-006	0	0	2.06933e-006	0	0	1.90035e-006	0	0	1.64906e-006	0	6.7691e-007	0	0	1.55254e-006	0	0	1.79728e-006	
91	0	0	2.14717e-006	0	0	2.17672e-006	0	0	2.07458e-006	0	0	1.89778e-006	0	0	1.6322e-006	0	7.88209e-007	0	0	1.59178e-006	
92	0	0	2.12939e-006	0	0	2.22192e-006	0	0	2.18599e-006	0	0	2.07965e-006	0	0	1.89238e-006	0	0	1.59718e-006	0	8.5573e-007	
93	0	0	2.04874e-006	0	0	2.20428e-006	0	0	2.23487e-006	0	0	2.1982e-006	0	0	2.08449e-006	0	0	1.87195e-006	0	0	
94	0	0	1.90285e-006	0	0	2.12257e-006	0	0	2.22051e-006	0	0	2.25379e-006	0	0	2.21257e-006	0	0	2.07664e-006	0	0	
95	0	0	1.68809e-006	0	0	1.97455e-006	0	0	2.14186e-006	0	0	2.24566e-006	0	0	2.27708e-006	0	0	2.21626e-006	0	0	
96	1.66068e-006	0	9.74601e-007	0	0	1.75728e-006	0	0	1.99666e-006	0	0	2.17274e-006	0	0	2.27728e-006	0	0	2.29156e-006	0	0	
97	1.95212e-006	0	0	1.6595e-006	0	1.06387e-006	0	0	1.78246e-006	0	0	2.03296e-006	0	0	2.21206e-006	0	0	2.30188e-006	0	0	
98	2.17072e-006	0	0	1.95996e-006	0	0	1.62174e-006	0	1.10847e-006	0	0	1.82279e-006	0	0	2.07961e-006	0	0	2.24609e-006	0	0	
99	2.32127e-006	0	0	2.18594e-006	0	0	1.93839e-006	0	2.75478e-007	0	0	1.53658e-006	0	0	1.87722e-006	0	0	2.12267e-006	0	0	
100	2.40427e-006	0	0	2.34272e-006	0	0	2.17791e-006	0	0	1.92761e-006	0	5.23965e-007	0	0	1.59951e-006	0	0	1.92966e-006	0	0	
101	2.41883e-006	0	0	2.43092e-006	0	0	2.34683e-006	0	0	2.17709e-006	0	0	1.9114e-006	0	6.74904e-007	0	0	1.66195e-006	0	0	
102	2.36364e-006	0	0	2.44969e-006	0	0	2.44616e-006	0	0	2.35476e-006	0	0	2.16803e-006	0	0	1.8868e-006	0	8.05813e-007	0	0	
103	2.23794e-006	0	0	2.39777e-006	0	0	2.47513e-006	0	0	2.46192e-006	0	0	2.3524e-006	0	0	2.16421e-006	0	0	1.84579e-006	0	
104	2.04049e-006	0	0	2.27497e-006	0	0	2.43252e-006	0	0	2.4979e-006	0	0	2.46553e-006	0	0	2.35829e-006	0	0	2.13504e-006	0	
105	1.76313e-006	0	0	2.07925e-006	0	0	2.31844e-006	0	0	2.46147e-006	0	0	2.50697e-006	0	0	2.47898e-006	0	0	2.35346e-006	0	
106	7.51702e-007	0	0	1.80327e-006	0	0	2.13071e-006	0	0	2.35318e-006	0	0	2.47547e-006	0	0	2.52703e-006	0	0	2.48501e-006	0	
107	0	1.76137e-006	0	7.85116e-007	0	0	1.86301e-006	0	0	2.1701e-006	0	0	2.37183e-006	0	0	2.50145e-006	0	0	2.54242e-006	0	
108	0	2.07867e-006	0	0	1.73682e-006	0	7.95479e-007	0	0	1.90667e-006	0	0	2.19254e-006	0	0	2.40331e-006	0	0	2.52554e-006	0	
109	0	2.33072e-006	0	0	2.06497e-006	0	0	1.63065e-006	0	8.78374e-007	0	0	1.93253e-006	0	0	2.2285e-006	0	0	2.4356e-006	0	
110	0	2.5112e-006	0	0	2.32571e-006	0	0	1.97465e-006	0	0	1.57117e-006	0	9.08189e-007	0	0	1.9726e-006	0	0	2.2683e-006	0	
111	0	2.58566e-006	0	0	2.52055e-006	0	0	2.24752e-006	0	0	1.93125e-006	0	0	1.49213e-006	0	9.62284e-007	0	0	2.01969e-006	0	
112	0	2.58058e-006	0	0	2.60196e-006	0	0	2.45569e-006	0	0	2.2163e-006	0	0	1.87115e-006	0	0	1.42221e-006	0	1.03887e-006	0	
113	0	2.49827e-006	0	0	2.60229e-006	0	0	2.56318e-006	0	0	2.43488e-006	0	0	2.16967e-006	0	0	1.81855e-006	0	0	1.36303e-006	
114	0	2.33524e-006	0	0	2.5243e-006	0	0	2.57534e-006	0	0	2.56201e-006	0	0	2.39945e-006	0	0	2.12878e-006	0	0	1.77441e-006	
115	0	2.08723e-006	0	0	2.36471e-006	0	0	2.50686e-006	0	0	2.58496e-006	0	0	2.55092e-006	0	0	2.36798e-006	0	0	2.09441e-006	
116	0	9.99558e-007	0	0	2.11945e-006	0	0	2.35673e-006	0	0	2.52535e-006	0	0	2.58571e-006	0	0	2.54005e-006	0	0	2.34122e-006	
117	0	0	1.1405e-006	0	1.01745e-006	0	0	2.121e-006	0	0	2.38342e-006	0	0	2.53556e-006	0	0	2.58903e-006	0	0	2.51971e-006	
118	0	0	1.61274e-006	0	0	1.03624e-006	0	1.03965e-006	0	0	2.15547e-006	0	0	2.40243e-006	0	0	2.54752e-006	0	0	2.59197e-006	
119	0	0	1.96559e-006	0	0	1.54798e-006	0	0	9.04385e-007	0	1.09183e-006	0	0	2.18286e-006	0	0	2.4216e-006	0	0	2.55913e-006	
120	0	0	2.23476e-006	0	0	1.92162e-006	0	0	1.45535e-006	0	0	7.31629e-007	0	1.15256e-006	0	0	2.20863e-006	0	0	2.43906e-006	
121	0	0	2.43097e-006	0	0	2.20589e-006	0	0	1.84423e-006	0	0	1.35188e-006	0	0	4.61681e-007	0	1.2056e-006	0	0	2.23126e-006	
122	0	0	2.55725e-006	0	0	2.41461e-006	0	0	2.13809e-006	0	0	1.76496e-006	0	0	1.22464e-006	0	0	0	0	2.00673e-006	
123	0	0	2.5439e-006	0	0	2.55138e-006	0	0	2.35474e-006	0	0	2.07426e-006	0	0	1.67174e-006	0	0	1.0752e-006	0	0	
124	0	0	2.43156e-006	0	0	2.56026e-006	0	0	2.49804e-006	0	0	2.30324e-006	0	0	2.0014e-006	0	0	1.56417e-006	0	0	
125	0	0	2.22753e-006	0	0	2.45869e-006	0	0	2.53167e-006	0	0	2.4571e-006	0	0	2.2461e-006	0	0	1.91545e-006	0	0	
126	0	0	2.00649e-006	0	0	2.26259e-006	0	0	2.44043e-006	0	0	2.51573e-006	0	0	2.41357e-006	0	0	2.17573e-006	0	0	
127	6.88473e-007	0	0	0	0	2.04711e-006	0	0	2.25136e-006	0	0	2.4371e-006	0	0	2.49846e-006	0	0	2.35637e-006	0	0	
128	1.3335e-006	0	0	4.59645e-007	0	0	0	0	2.0432e-006	0	0	2.25762e-006	0	0	2.43526e-006	0	0	2.46102e-006	0	0	
129	1.7431e-006	0	0	1.2211e-006	0	0	0	0	1.64247e-006	0	0	1.88947e-006	0	0	2.26849e-006	0	0	2.42044e-006	0	0	
130	2.03934e-006	0	0	1.65381e-006	0	0	1.06827e-006	0	0	0	0	1.59934e-006	0	0	1.90007e-006	0	0	2.26767e-006	0	0	
131	2.24618e-006	0	0	1.96186e-006	0	0	1.54752e-006	0	0	9.38581e-007	0	0	0	0	1.61381e-006	0	0	1.8929e-006	0	0	
132	2.37099e-006	0	0	2.17665e-006	0	0	1.88026e-006	0	0	1.4625e-006	0	0	7.71344e-007	0	0	0	0	1.61063e-006	0	0	
133	2.40842e-006	0	0	2.30775e-006	0	0	2.1133e-006	0	0	1.81526e-006	0	0	1.3581e-006	0	0	5.24615e-007	0	0	0	0	
134	2.2647e-006	0	0	2.35827e-006	0	0	2.25989e-006	0	0	2.06192e-006	0	0	1.73306e-006	0	0	1.23102e-006	0	0	0	0	
135	1.8227e-006	0	0	2.20262e-006	0	0	2.32437e-006	0	0	2.21937e-006	0	0	1.99356e-006	0	0	1.63733e-006	0	0	1.05814e-006	0	
136	1.24664e-006	0	0	1.76141e-006	0	0	2.18237e-006	0	0	2.29313e-006	0	0	2.16168e-006	0	0	1.91642e-006	0	0	1.51154e-006	0	
137	6.41652e-007	0	0	1.17249e-006	0	0	1.75582e-006	0	0	2.15659e-006	0	0	2.25382e-006	0	0	2.09874e-006	0	0	1.81516e-006	0	
138	0	0	0	5.0842e-007	0	0	1.16967e-006	0	0	1.74781e-006	0	0	2.12345e-006	0	0	2.18181e-006	0	0	2.01542e-006	0	
139	0	4.30317e-007	0	0	0	0	4.97906e-007	0	0	1.16467e-006	0	0	1.72256e-006	0	0	2.09713e-006	0	0	2.08996e-006	0	
140	0	1.16855e-006	0	0	0	0	0	0	0	6.48274e-007	0	0	1.13271e-006	0	0	1.72518e-006	0	0	2.06384e-006	0	
141	0	1.55884e-006	0	0	1.0468e-006	0	0	0	0	0	0	0	5.96891e-007	0	0	1.1397e-006	0	0	1.71663e-006	0	
142	0	1.69415e-006	0	0	1.46974e-006	0	0	8.19841e-007	0	0	0	0	0	0	0	6.0214e-007	0	0	1.13899e-006	0	
143	0	1.65623e-006	0	0	1.59452e-006	0	0	1.30934e-006	0	0	6.0408e-007	0	0	0	0	0	0	0	6.10017e-007	0	
144	0	1.61379e-006	0	0	1.5599e-006	0	0	1.43612e-006	0	0	1.19772e-006	0	0	1.92774e-007	0	0	0	0	0	0	
145	0	1.47865e-006	0	0	1.51996e-006	0	0	1.39718e-006	0	0	1.32136e-006	0	0	1.04867e-006	0	0	0	0	0	0	
146	0	9.26705e-007	0	0	1.4201e-006	0	0	1.35409e-006	0	0	1.28023e-006	0	0	1.16735e-006	0	0	8.89862e-007	0	0	0	
147	0	0	0	0	1.24441e-006	0	0	1.30393e-006	0	0	1.23387e-006	0	0	1.12079e-006	0	0	1.02374e-006	0	0	7.03744e-007	
148	0	0	0	0	3.43028e-007	0	0	7.73292e-007	0	0	1.17925e-006	0	0	1.06875e-006	0	0	9.674e-007	0	0	8.59731e-007	
149	0	0	0	0	0	0	0	0	0	0	1.10434e-006	0	0	1.00758e-006	0	0	9.03648e-007	0	0	7.83249e-007	
150	0	0	0	0	0	0	0	0	0	0	0	0	0	1.03831e-006	0	0	8.27553e-007	0	0	6.93786e-007	
151	0	0	5.66478e-007	0	0	0	0	0	0	0	0	0	0	0	0	0	9.85838e-007	0	0	5.81377e-007	
152	0	0	1.14496e-006	0	0	0	0	0	0	0	0	0	0	0	0	0	0	0	0	9.16016e-007	
153	0	0	1.45283e-006	0	0	0	0	0	0	0	0	0	0	0	0	0	0	0	0	0	
154	0	0	1.49965e-006	0	0	0	0	0	7.516e-007	0	0	0	0	0	0	0	0	0	0	0	
155	0	0	0	0	0	1.0283e-006	0	0	0	0	0	0	0	0	0	0	0	0	0	0	
156	0	0	0	0	0	1.37651e-006	0	0	0	0	0	1.04146e-006	0	0	0	0	0	0	0	0	
157	0	0	0	0	0	8.69247e-007	0	0	0	0	0	9.58087e-007	0	0	0	0	0	0	0	0	
158	0	0	0	0	0	0	0	0	0	0	0	9.83812e-007	0	0	0	0	0	0	0	0	
159	0	0	0	0	0	0	0	0	0	0	0	6.94777e-007	0	0	0	0	0	0	0	0	
160	0	0	0	0	0	0	0	0	0	0	0	0	0	0	0	0	0	0	0	0	
161	0	0	0	0	0	0	0	0	0	0	0	0	0	0	0	0	0	0	0	0	
162	0	0	0	0	0	0	0	0	0	0	0	0	0	0	0	0	0	0	0	0	
163	0	0	0	0	0	0	0	0	0	0	0	0	0	0	0	0	0	0	0	0	
164	0	0	0	0	0	0	0	0	0	0	0	0	0	0	0	0	0	0	0	0	
165	0	0	0	0	0	0	0	0	0	0	0	0	0	0	0	0	0	0	0	0	
166	0	0	0	0	0	0	0	0	0	0	0	0	0	0	0	0	0	0	0	0	
167	0	0	0	0	0	0	0	0	0	0	0	0	0	0	0	0	0	0	0	0	
168	0	0	0	0	0	0	0	0	0	0	0	0	0	0	0	0	0	0	0	0	
169	0	0	0	0	0	0	0	0	0	0	0	0	0	0	0	0	0	0	0	0	
170	0	0	0	0	0	0	0	0	0	0	0	0	0	0	0	0	0	0	0	0	
171	0	0	0	0	0	0	0	0	0	0	0	0	0	0	0	0	0	0	0	0	
172	0	0	0	0	0	0	0	0	0	0	0	0	0	0	0	0	0	0	0	0	
173	0	0	0	0	0	0	0	0	0	0	0	0	0	0	0	0	0	0	0	0	
174	0	0	0	0	0	0	0	0	0	0	0	0	0	0	0	0	0	0	0	0	
175	0	0	0	0	0	0	0	0	0	0	0	0	0	0	0	0	0	0	0	0	
176	0	0	0	0	0	0	0	0	0	0	0	0	0	0	0	0	0	0	0	0	
177	0	0	0	0	0	0	0	0	0	0	0	0	0	0	0	0	0	0	0	0	
178	0	0	0	0	0	0	0	0	0	0	0	0	0	0	0	0	0	0	0	0	
179	0	0	0	0	0	0	0	0	0	0	0	0	0	0	0	0	0	0	0	0	
