data;

set shop := 'aa' 'ab' 'ac' 'ad' 'ae' 'af' 'ag' 'ah' 'ai' 'aj' 'ak' 'al' 'am' 'an' 'ao' 'ap' 'aq' 'ar' 'as' 'at' 'au' 'av' 'aw' 'ax' 'ay' 'az' 'ba' 'bb' 'bc' 'bd' 'be' 'bf' 'bg' 'bh' 'bi' 'bj' 'bk' 'bl' 'bm' 'bn' 'bo' 'bp' 'bq' 'br' 'bs' 'bt' 'bu' 'bv' 'bw' 'bx';
set foodItem := 'a' 'b' 'c' 'd' 'e' 'f' 'g' 'h' 'i' 'j' 'k' 'l' 'm' 'n' 'o' 'p' 'q' 'r' 's' 't' 'u' 'v' 'w' 'x' 'y' 'z';


param time : 'a' 'b' 'c' 'd' 'e' 'f' 'g' 'h' 'i' 'j' 'k' 'l' 'm' 'n' 'o' 'p' 'q' 'r' 's' 't' 'u' 'v' 'w' 'x' 'y' 'z' :=
		'aa' 52.6	55.6	52.6	37.6	39.6	53.6	35.6	48.6	55.6	47.6	39.6	57.6	42.6	35.6	59.6	55.6	50.6	44.6	59.6	56.6	40.6	49.6	58.6	41.6	56.6	38.6
		'ab' 49.6	52.6	49.6	34.6	35.6	49.6	32.6	43.6	51.6	43.6	34.6	53.6	39.6	30.6	55.6	50.6	47.6	39.6	56.6	53.6	35.6	46.6	55.6	37.6	52.6	34.6
		'ac' 45.4	50.4	47.4	30.4	31.4	45.4	29.4	40.4	49.4	41.4	31.4	50.4	35.4	26.4	51.4	47.4	45.4	35.4	53.4	51.4	31.4	44.4	53.4	34.4	50.4	31.4
		'ad' 48.6	52.6	50.6	34.6	34.6	47.6	31.6	43.6	52.6	45.6	34.6	54.6	37.6	28.6	53.6	51.6	47.6	37.6	56.6	53.6	33.6	46.6	55.6	38.6	53.6	33.6
		'ae' 37.6	40.6	39.6	22.6	24.6	35.6	20.6	32.6	42.6	35.6	24.6	44.6	26.6	18.6	42.6	39.6	37.6	25.6	44.6	43.6	23.6	34.6	43.6	27.6	43.6	22.6
		'af' 44.4	49.4	48.4	29.4	32.4	44.4	28.4	40.4	50.4	43.4	32.4	51.4	35.4	26.4	51.4	47.4	45.4	34.4	53.4	50.4	30.4	43.4	52.4	35.4	50.4	29.4
		'ag' 69.8	75.8	73.8	54.8	56.8	70.8	53.8	65.8	76.8	69.8	58.8	77.8	61.8	51.8	77.8	71.8	70.8	60.8	79.8	76.8	56.8	67.8	78.8	60.8	74.8	55.8
		'ah' 58.2	64.2	64.2	43.2	45.2	59.2	44.2	56.2	67.2	58.2	48.2	67.2	52.2	40.2	68.2	61.2	60.2	51.2	69.2	67.2	47.2	58.2	69.2	49.2	63.2	45.2
		'ai' 68.4	74.4	76.4	54.4	55.4	70.4	55.4	66.4	78.4	68.4	59.4	79.4	62.4	51.4	78.4	73.4	72.4	62.4	79.4	77.4	57.4	70.4	81.4	61.4	73.4	55.4
		'aj' 68	76	76	56	56	72	55	66	80	70	59	81	62	52	79	75	74	63	80	78	58	70	81	63	73	57
		'ak' 31.4	37.4	39.4	18.4	18.4	35.4	18.4	27.4	41.4	33.4	22.4	43.4	24.4	13.4	42.4	38.4	36.4	26.4	43.4	41.4	21.4	31.4	42.4	24.4	34.4	19.4
		'al' 40.6	47.6	50.6	28.6	29.6	46.6	27.6	37.6	52.6	44.6	31.6	53.6	33.6	24.6	53.6	48.6	46.6	37.6	53.6	51.6	32.6	42.6	53.6	33.6	45.6	29.6
		'am' 36.4	42.4	45.4	24.4	25.4	43.4	23.4	34.4	48.4	40.4	28.4	48.4	28.4	21.4	50.4	45.4	42.4	32.4	50.4	47.4	27.4	37.4	48.4	28.4	42.4	25.4
		'an' 38.8	43.8	47.8	26.8	28.8	45.8	24.8	36.8	51.8	41.8	30.8	50.8	31.8	23.8	53.8	48.8	44.8	34.8	51.8	49.8	30.8	40.8	50.8	31.8	43.8	27.8
		'ao' 57.4	61.4	66.4	45.4	48.4	63.4	44.4	54.4	71.4	61.4	48.4	68.4	49.4	41.4	73.4	66.4	63.4	52.4	69.4	67.4	49.4	59.4	68.4	50.4	63.4	45.4
		'ap' 35	39	45	24	26	41	22	32	50	39	27	46	28	20	51	44	40	31	47	46	26	36	47	29	40	24
		'aq' 39	45	51	28	32	45	26	38	54	45	32	52	32	25	55	48	44	35	51	50	31	42	52	35	46	30
		'ar' 64.2	70.2	77.2	53.2	58.2	71.2	52.2	65.2	80.2	71.2	58.2	79.2	57.2	50.2	80.2	74.2	70.2	61.2	78.2	76.2	56.2	67.2	79.2	60.2	71.2	56.2
		'as' 50.6	57.6	63.6	40.6	45.6	57.6	39.6	53.6	68.6	58.6	45.6	67.6	43.6	36.6	68.6	62.6	58.6	48.6	65.6	63.6	43.6	55.6	66.6	46.6	57.6	43.6
		'at' 42	50	56	33	37	51	33	45	62	52	39	60	36	30	60	56	50	41	57	55	36	49	58	39	49	37
		'au' 64.2	71.2	76.2	55.2	57.2	72.2	55.2	67.2	83.2	73.2	59.2	80.2	58.2	52.2	80.2	78.2	71.2	61.2	79.2	77.2	56.2	71.2	79.2	59.2	70.2	57.2
		'av' 34.8	42.8	46.8	26.8	26.8	42.8	26.8	37.8	53.8	44.8	29.8	49.8	27.8	22.8	49.8	47.8	41.8	32.8	50.8	47.8	27.8	42.8	48.8	28.8	40.8	26.8
		'aw' 36.8	46.8	50.8	28.8	30.8	46.8	29.8	41.8	56.8	47.8	33.8	51.8	30.8	26.8	52.8	49.8	45.8	35.8	54.8	49.8	30.8	45.8	51.8	30.8	44.8	29.8
		'ax' 63.6	72.6	78.6	55.6	58.6	72.6	57.6	69.6	84.6	75.6	60.6	79.6	56.6	52.6	80.6	77.6	73.6	63.6	80.6	75.6	57.6	73.6	79.6	58.6	72.6	56.6
		'ay' 50.4	59.4	65.4	40.4	45.4	57.4	43.4	56.4	70.4	60.4	46.4	66.4	41.4	39.4	65.4	62.4	58.4	49.4	67.4	62.4	42.4	59.4	65.4	43.4	57.4	43.4
		'az' 37.6	45.6	52.6	28.6	33.6	43.6	31.6	43.6	56.6	48.6	33.6	54.6	29.6	25.6	53.6	48.6	44.6	35.6	55.6	50.6	30.6	45.6	53.6	29.6	43.6	29.6
		'ba' 56.6	64.6	71.6	48.6	52.6	61.6	49.6	62.6	76.6	66.6	51.6	72.6	47.6	45.6	71.6	66.6	62.6	55.6	75.6	70.6	50.6	64.6	71.6	48.6	62.6	49.6
		'bb' 65	73	80	57	61	69	57	72	86	76	60	82	56	55	80	75	72	64	84	78	59	74	80	57	71	58
		'bc' 28.6	35.6	44.6	19.6	23.6	32.6	20.6	35.6	49.6	39.6	23.6	46.6	20.6	18.6	44.6	39.6	36.6	28.6	46.6	41.6	21.6	37.6	42.6	20.6	35.6	20.6
		'bd' 40.2	46.2	55.2	29.2	33.2	43.2	30.2	45.2	60.2	49.2	33.2	57.2	30.2	30.2	54.2	49.2	46.2	40.2	56.2	53.2	31.2	48.2	53.2	30.2	47.2	32.2
		'be' 39.6	44.6	54.6	29.6	32.6	42.6	28.6	43.6	60.6	47.6	32.6	57.6	28.6	29.6	54.6	47.6	45.6	38.6	54.6	51.6	31.6	46.6	53.6	28.6	45.6	31.6
		'bf' 40.6	46.6	54.6	29.6	34.6	42.6	29.6	44.6	60.6	48.6	34.6	58.6	30.6	30.6	55.6	47.6	47.6	40.6	56.6	52.6	33.6	46.6	55.6	29.6	47.6	33.6
		'bg' 60.6	65.6	74.6	48.6	54.6	62.6	50.6	64.6	79.6	68.6	55.6	77.6	50.6	49.6	74.6	68.6	67.6	60.6	77.6	71.6	54.6	66.6	76.6	50.6	67.6	54.6
		'bh' 41.4	47.4	56.4	31.4	36.4	44.4	31.4	47.4	62.4	50.4	37.4	58.4	32.4	30.4	57.4	49.4	50.4	41.4	58.4	53.4	37.4	47.4	57.4	32.4	48.4	37.4
		'bi' 64.4	70.4	79.4	53.4	59.4	68.4	54.4	71.4	85.4	74.4	61.4	80.4	55.4	54.4	79.4	73.4	74.4	65.4	81.4	75.4	61.4	71.4	81.4	56.4	72.4	61.4
		'bj' 46.6	53.6	61.6	35.6	42.6	52.6	36.6	55.6	67.6	57.6	45.6	64.6	39.6	38.6	62.6	57.6	57.6	47.6	64.6	58.6	44.6	55.6	63.6	39.6	56.6	44.6
		'bk' 41.6	48.6	57.6	30.6	39.6	48.6	32.6	51.6	64.6	53.6	42.6	61.6	34.6	35.6	58.6	54.6	54.6	43.6	59.6	53.6	41.6	50.6	59.6	35.6	51.6	39.6
		'bl' 53.6	59.6	70.6	41.6	50.6	60.6	45.6	64.6	77.6	64.6	54.6	74.6	47.6	47.6	69.6	65.6	65.6	54.6	70.6	66.6	53.6	61.6	71.6	48.6	63.6	51.6
		'bm' 35	42	53	23	34	43	29	47	60	47	37	58	30	29	51	47	49	37	53	48	35	45	55	31	45	33
		'bn' 62.6	69.6	80.6	48.6	60.6	68.6	55.6	74.6	85.6	73.6	63.6	84.6	56.6	54.6	76.6	72.6	75.6	64.6	78.6	73.6	62.6	71.6	80.6	57.6	72.6	58.6
		'bo' 58	64	77	44	55	64	51	69	80	68	58	79	52	50	71	69	71	61	74	69	58	67	77	54	69	55
		'bp' 49	57	69	36	47	56	42	60	72	60	51	71	44	43	63	62	64	52	66	61	50	59	69	45	62	46
		'bq' 35.6	44.6	55.6	24.6	35.6	43.6	30.6	48.6	59.6	46.6	37.6	59.6	30.6	30.6	51.6	49.6	51.6	38.6	54.6	49.6	38.6	47.6	56.6	33.6	48.6	34.6
		'br' 45	52	64	33	45	52	39	57	68	54	46	69	38	38	60	58	59	46	62	59	48	56	64	43	56	42
		'bs' 43.2	50.2	62.2	31.2	45.2	52.2	39.2	56.2	67.2	53.2	44.2	67.2	38.2	37.2	58.2	57.2	59.2	46.2	61.2	57.2	47.2	56.2	62.2	42.2	54.2	41.2
		'bt' 58.8	64.8	76.8	46.8	59.8	66.8	53.8	69.8	82.8	66.8	58.8	82.8	53.8	51.8	72.8	72.8	73.8	60.8	75.8	70.8	62.8	71.8	76.8	55.8	67.8	56.8
		'bu' 37.4	43.4	55.4	23.4	38.4	44.4	30.4	46.4	61.4	44.4	37.4	60.4	30.4	28.4	50.4	51.4	50.4	39.4	52.4	48.4	39.4	48.4	53.4	32.4	45.4	33.4
		'bv' 60	65	76	46	60	66	53	68	82	66	60	82	53	49	72	73	71	60	73	69	61	69	76	55	68	56
		'bw' 43.6	48.6	59.6	29.6	42.6	48.6	35.6	52.6	65.6	49.6	42.6	64.6	36.6	31.6	54.6	57.6	54.6	43.6	57.6	53.6	45.6	51.6	59.6	39.6	50.6	39.6
		'bx' 36.6	41.6	52.6	21.6	35.6	39.6	28.6	44.6	57.6	41.6	33.6	57.6	28.6	23.6	46.6	50.6	47.6	34.6	49.6	46.6	38.6	43.6	51.6	31.6	41.6	30.6
;

param cost : 'a' 'b' 'c' 'd' 'e' 'f' 'g' 'h' 'i' 'j' 'k' 'l' 'm' 'n' 'o' 'p' 'q' 'r' 's' 't' 'u' 'v' 'w' 'x' 'y' 'z' := 
		'aa' 181	1000000	360	286	414	106	487	533	342	1000000	311	581	245	465	243	228	1000000	494	1000000	595	1000000	530	1000000	182	166	224
		'ab' 181	421	366	281	419	103	489	535	338	442	314	1000000	250	468	240	225	538	495	582	598	506	528	328	181	171	220
		'ac' 1000000	426	353	285	422	102	493	535	339	441	316	1000000	255	467	1000000	221	534	498	579	599	502	527	326	179	176	216
		'ad' 185	439	356	280	423	105	490	537	342	439	321	582	251	468	1000000	1000000	530	500	580	601	504	1000000	324	174	176	214
		'ae' 181	430	366	282	1000000	106	494	541	337	438	324	585	255	468	239	1000000	535	495	576	602	507	529	328	1000000	173	214
		'af' 175	433	362	280	424	102	489	536	342	1000000	321	590	1000000	472	242	208	531	495	580	1000000	504	534	324	169	172	218
		'ag' 173	433	358	289	421	106	490	541	339	429	320	1000000	260	473	241	1000000	1000000	495	581	602	499	530	321	1000000	170	223
		'ah' 1000000	438	360	278	422	1000000	491	539	335	427	316	586	258	1000000	240	208	534	1000000	586	607	1000000	531	323	171	175	222
		'ai' 182	422	361	288	1000000	1000000	494	535	332	1000000	316	589	257	468	1000000	206	533	1000000	591	603	1000000	528	327	168	180	221
		'aj' 179	437	358	1000000	417	111	492	538	331	423	319	592	261	472	239	207	529	494	588	1000000	508	525	325	166	1000000	221
		'ak' 187	430	356	278	415	116	495	537	336	1000000	314	587	261	1000000	241	205	533	494	590	1000000	503	527	1000000	164	178	219
		'al' 190	1000000	362	296	1000000	117	492	540	333	428	310	588	256	462	238	206	532	1000000	589	1000000	502	525	327	1000000	179	1000000
		'am' 190	433	359	281	418	122	490	1000000	332	1000000	313	590	256	465	242	204	533	1000000	589	598	1000000	1000000	1000000	161	175	223
		'an' 190	430	1000000	280	415	122	1000000	1000000	334	421	311	587	254	461	1000000	208	528	496	590	593	500	525	332	159	1000000	218
		'ao' 1000000	431	351	1000000	1000000	127	488	526	339	417	314	585	255	463	247	203	523	496	593	1000000	1000000	527	1000000	155	1000000	215
		'ap' 173	424	1000000	288	413	124	489	528	344	418	314	587	258	468	250	199	525	501	589	1000000	502	529	341	152	175	1000000
		'aq' 185	433	366	286	417	127	494	525	349	415	318	591	258	471	250	197	524	497	1000000	593	504	1000000	338	152	176	207
		'ar' 188	431	360	288	415	126	495	526	347	417	1000000	593	253	476	246	192	521	1000000	594	588	506	519	340	155	173	209
		'as' 177	1000000	1000000	295	414	122	496	528	344	420	319	590	249	478	251	195	518	501	1000000	589	1000000	517	341	154	175	213
		'at' 174	424	361	292	410	121	494	530	346	1000000	323	594	250	476	251	194	522	498	598	1000000	515	1000000	342	157	175	217
		'au' 186	434	357	294	409	126	489	530	341	428	325	1000000	254	480	252	1000000	525	496	603	588	518	514	1000000	161	179	221
		'av' 188	428	360	291	405	128	486	529	344	430	327	602	258	481	251	195	520	497	600	590	522	1000000	1000000	163	1000000	223
		'aw' 185	433	365	284	407	131	485	528	349	425	330	600	253	480	1000000	196	522	1000000	605	593	521	1000000	352	167	1000000	1000000
		'ax' 1000000	424	359	291	406	127	483	1000000	352	421	333	599	249	483	258	194	522	505	1000000	595	522	516	353	165	175	1000000
		'ay' 177	439	355	291	407	131	486	526	353	424	333	1000000	1000000	487	256	198	527	503	1000000	593	520	520	357	168	172	218
		'az' 191	440	367	278	408	130	487	1000000	348	422	338	603	242	489	252	194	1000000	503	612	592	521	522	361	172	168	221
		'ba' 185	437	350	282	1000000	128	1000000	522	350	427	343	606	246	485	248	190	527	499	609	590	1000000	521	362	173	164	218
		'bb' 173	429	351	281	407	133	485	518	348	424	345	608	1000000	480	247	191	1000000	494	1000000	591	520	526	364	177	160	218
		'bc' 176	423	355	294	403	133	486	515	351	426	349	603	251	485	247	188	530	493	608	586	524	526	363	1000000	164	217
		'bd' 1000000	420	364	294	399	134	483	517	349	428	345	600	256	483	243	1000000	527	1000000	1000000	581	529	1000000	364	183	160	214
		'be' 174	423	360	293	1000000	131	478	519	352	431	341	1000000	254	484	247	1000000	1000000	500	602	579	527	1000000	365	185	160	1000000
		'bf' 171	424	1000000	1000000	406	129	477	519	353	436	339	592	255	486	252	182	529	1000000	597	582	522	521	369	188	155	212
		'bg' 1000000	434	361	1000000	408	128	472	1000000	358	441	339	587	258	482	251	187	524	504	600	584	1000000	520	364	193	1000000	1000000
		'bh' 178	1000000	350	294	407	130	474	515	357	446	339	583	259	478	249	189	527	508	602	586	520	517	363	191	158	207
		'bi' 189	425	359	282	411	134	479	518	358	1000000	337	588	258	480	248	1000000	522	513	601	1000000	517	1000000	361	188	1000000	203
		'bj' 184	429	364	283	408	134	1000000	518	1000000	442	341	588	257	480	249	191	524	512	599	589	512	509	356	192	151	201
		'bk' 184	421	366	296	409	136	1000000	1000000	355	438	338	589	262	1000000	251	188	520	1000000	604	592	517	513	351	1000000	146	204
		'bl' 191	421	1000000	280	1000000	137	476	1000000	357	443	338	591	264	477	248	192	522	514	1000000	587	522	516	356	1000000	144	1000000
		'bm' 177	438	370	292	1000000	132	477	520	359	1000000	338	589	269	481	247	187	1000000	510	604	584	1000000	520	360	196	148	1000000
		'bn' 183	420	370	293	405	1000000	478	523	364	439	333	590	272	485	243	188	1000000	1000000	605	589	520	515	362	197	1000000	199
		'bo' 1000000	1000000	366	1000000	1000000	135	478	526	1000000	443	338	586	274	482	239	188	526	509	610	584	1000000	513	1000000	201	153	199
		'bp' 173	420	358	278	1000000	133	479	527	366	441	342	583	270	481	238	191	527	512	609	580	513	1000000	362	196	154	203
		'bq' 179	436	361	1000000	401	134	1000000	531	368	443	341	581	268	486	234	1000000	527	511	610	583	517	515	360	197	159	199
		'br' 1000000	426	359	290	401	136	488	530	370	444	342	580	271	481	235	188	1000000	512	615	1000000	522	516	355	1000000	162	199
		'bs' 173	439	365	292	401	1000000	484	526	371	439	342	579	266	482	240	189	1000000	509	618	582	526	1000000	359	195	158	202
		'bt' 174	433	352	279	401	135	480	526	1000000	443	338	584	262	487	235	191	526	514	614	584	529	524	362	199	1000000	197
		'bu' 171	430	363	284	400	140	476	1000000	375	447	342	1000000	260	489	237	187	523	519	613	579	524	526	364	204	158	1000000
		'bv' 180	440	369	283	1000000	138	471	526	374	450	344	583	263	487	232	1000000	527	523	613	584	527	521	362	202	163	190
		'bw' 173	1000000	1000000	291	401	143	468	528	377	454	341	580	265	486	228	195	1000000	1000000	614	585	528	522	367	200	158	185
		'bx' 176	424	366	277	402	147	468	527	372	1000000	341	579	260	483	223	194	1000000	521	618	582	524	522	1000000	198	160	184
;
			  
param rating : 'a' 'b' 'c' 'd' 'e' 'f' 'g' 'h' 'i' 'j' 'k' 'l' 'm' 'n' 'o' 'p' 'q' 'r' 's' 't' 'u' 'v' 'w' 'x' 'y' 'z' :=
		'aa' 2.8	0	4.1	2.8	2.8	3.2	3.5	4	3.8	0	3.8	3.2	4.3	3.8	2.8	3.7	0	3.6	0	3.4	0	3.4	0	3.3	3.5	3.1
		'ab' 4.1	3.9	3.6	4	2.9	3.6	3.3	3.4	3.4	3.7	4	0	4.5	3.5	3.6	3.6	3	3.9	4	3.6	4	4	3.4	3.6	3.2	3.8
		'ac' 0	2.6	4	3.9	2.9	2.4	3.8	3.6	2.2	2.8	2.9	0	3.7	3.5	0	3.1	3.3	3.3	3.1	3.8	3.1	3.2	2.7	3.7	3.9	3.3
		'ad' 3.6	3.6	3.6	3.4	3.5	3.6	4.3	3.4	4	3.7	3.9	2.7	3.7	3.9	0	0	3	3.1	3.6	3.9	3.3	0	3.6	2.7	3.4	4.2
		'ae' 4	3.4	3.6	3.1	0	3.2	3.7	3.7	3.4	2.8	3.2	2.7	3.6	3.5	4.1	0	4	3.8	3.7	3.6	3.3	3.6	3.2	0	3.1	3.4
		'af' 3.7	3.3	3.9	3.5	3.4	2.9	3.6	3.3	2.4	0	3.2	3.5	0	4.1	3	3	3.2	3.4	3.7	0	3	3.9	3.7	3.4	3.4	3.4
		'ag' 3.5	3	3.4	4.1	3.8	3.7	3.5	4.3	3.3	3.6	3.6	0	3.9	3.7	3.1	0	0	3.5	3.3	3.8	4.3	3.6	3.5	0	3.7	3.2
		'ah' 0	4.1	3.2	3.5	2.9	0	3.6	3.1	3.4	3.4	2.9	3	3.7	0	4.1	3.6	3	0	3.4	3.6	0	3.6	3.4	3.5	3.7	3.5
		'ai' 3.4	3.3	3.1	3.6	0	0	3.8	2.8	3.3	0	3.3	4.2	4	3.5	0	3.5	3.7	0	4.3	3.3	0	3.2	2.8	3.6	3.5	3.6
		'aj' 3	4.3	3.7	0	3.8	4.3	3.5	3.6	4.4	3.3	3.3	3.6	3	3.5	3.7	4.4	3.6	3.9	3.6	0	3.1	3.8	4.1	3.4	0	3.3
		'ak' 3.8	4	2.8	3	3.5	3.1	3.5	3.2	3.1	0	3.8	3.3	3.7	0	3.5	3.5	3	4	2.9	0	2.8	3.8	0	3.3	3.6	3.4
		'al' 3.8	0	3	3.1	0	3.8	3.4	3.8	3.1	3.4	3	3.5	3.6	4.6	3	3.2	3.7	0	3.4	0	3.4	3.6	3.4	0	3.6	0
		'am' 3.7	2.9	3.6	3.8	4	4.1	3.1	0	3.7	0	3	3.6	2.5	2.6	3.5	3.1	3.9	0	3.2	3.5	0	0	0	3.7	3.5	3
		'an' 3.5	4	0	3.6	3.3	3.7	0	0	3.3	3.6	3.6	3.3	3.4	4.3	0	4.1	3.6	2.6	3.2	4	3.4	3.3	3.5	3.3	0	3.5
		'ao' 0	4.2	3.7	0	0	3.8	3.4	3.5	2.7	3.4	3.6	4.1	3.3	3.7	4	3	3.3	3.6	3.2	0	0	3.6	0	2.8	0	3.6
		'ap' 3.1	3.2	0	2.3	3.3	3.8	4.4	3.3	3	3.3	3.2	3.4	4.1	4	3.8	3.1	3.9	3.2	3.2	0	3.5	3.4	3.1	3.4	3	0
		'aq' 3.4	3.5	4	3	4.1	2.9	4.1	3.4	3	3.6	3.1	3.2	3.2	2.9	3.4	3.6	3.7	3.9	0	3.2	4	0	2.8	3.6	3	3.7
		'ar' 3.8	3.4	2.9	3.6	4.5	3.5	3.5	3.8	3.5	3.6	0	3.2	4	3	4.3	3.5	3.4	0	3	3.3	3.8	3.2	3.7	3.2	3.6	3.5
		'as' 3.3	0	0	3.7	3.5	3.3	3	2.6	3.3	3.3	3.8	4.2	4.1	2.6	3.9	3.3	3.6	3.2	0	3.8	0	3.5	3.7	3.7	3.5	3.4
		'at' 3	3.4	3.5	3.7	3.3	3.6	3.3	3.4	3.6	0	3.2	3.2	3.7	3.6	3.4	4	3.3	3	4.1	0	3.5	0	3.8	4.3	3.8	3
		'au' 3	3.9	4.1	2.6	2.9	3.3	3.2	4.2	3.7	3.4	4	0	3.2	2.8	3.1	0	3.4	3.7	3.6	3.9	3.6	3.5	0	4.1	3.8	3.7
		'av' 3.9	3.9	4	3.1	3.9	3.6	3.9	3.9	3.3	2.7	4	3.4	2.7	3.7	3.2	2.8	3.2	4.1	3.1	3.6	3.3	0	0	2.9	0	3.4
		'aw' 3.5	3.4	3.5	3.4	3.7	4.2	3.8	4	3.2	4	3.5	4	3.3	3.3	0	3.6	3.8	0	3.4	3.5	3.4	0	3.1	3.7	0	0
		'ax' 0	3.3	3.7	3.6	3.6	3.6	3.4	0	3.2	3.2	3.4	3.1	3.4	3.4	3.4	3.2	4	3.8	0	4	4	3.8	3.4	3.2	3.4	0
		'ay' 3.4	3.8	3.7	3.1	3.4	3.8	4.5	3.3	3.7	3.2	3.7	0	0	3.4	3.1	3.5	3.7	4	0	4	3.4	3	3.5	3.4	3.8	3
		'az' 3.6	4.2	3.9	3.6	3.8	3.4	4.3	0	3.4	3.4	3.3	3.4	3.6	3.8	3.7	3.7	0	3.6	3.1	3.7	3.1	3.5	3.3	3.5	3.9	3.3
		'ba' 4.4	2.9	3.3	3.3	0	3.1	0	4.2	3.4	3.4	3.2	3	3.2	3.6	3.1	3.2	3.1	3.8	3.8	2.7	0	3.8	3.1	3	3.5	3.9
		'bb' 3.3	3.5	3.8	3.8	3.5	3.8	3.8	3.4	3.6	2.7	2.9	3.7	0	3.6	3.7	3.6	0	3.5	0	3.4	3.2	3.5	3.5	3.7	3.8	3.3
		'bc' 3.5	3.9	3.5	3.2	3.6	3.5	2.6	3.6	3.9	3.5	3.6	3.9	4.1	3.7	2.7	3.1	3.4	3.3	3.7	3.5	3	3.4	3.3	0	4.1	3.9
		'bd' 0	3.5	3.6	4	4.1	3.7	3.7	3.7	3.2	3.2	3.6	3.7	3.5	3.5	3.5	0	3.6	0	0	3.5	4.2	0	2.8	3.2	3.6	3.9
		'be' 3.8	3.7	3.6	3.3	0	2.8	3.3	3.9	3.9	4.2	3.4	0	3.7	3.9	3.9	0	0	3.7	3.1	3.1	3.6	0	3	3.2	3	0
		'bf' 3.4	4.2	0	0	3.2	3.4	3.9	3.9	2.9	3.8	3.6	2.8	4	4.1	3	3.9	3.9	0	3.5	3.8	4	3.6	4.4	3.2	2.6	3.9
		'bg' 0	3.8	3.6	0	3.3	3.7	3.8	0	3.2	3.1	3.7	3.4	4.3	3.9	2.8	3.1	4.3	3.5	3.3	3.5	0	3.5	3.7	3.3	0	0
		'bh' 3.6	0	3.7	3.2	2.6	3.5	3.8	3.8	3.4	4	3.2	3.5	3.7	3.9	3	3.4	3.8	3.3	4.1	3	3	3.3	2.9	4.8	3.5	3.8
		'bi' 3.2	3.6	3.4	4.2	4	3.3	3	3.8	2.9	0	4.7	3.2	3.8	2.6	3.6	0	4.1	3.8	3.1	0	3.5	0	3.9	3.5	0	4.1
		'bj' 2.7	3.1	3	3.6	3.5	4	0	3.9	0	3.6	2.8	4.1	3.2	3.5	3.7	3.3	3.9	3.7	3.5	4.1	3.3	2.9	4	3.5	3.1	3.9
		'bk' 3	3.4	3.6	3.6	3.7	3.5	0	0	4.3	3.6	4	3.8	3.1	0	3.5	3.8	4.3	0	3	4.3	4.1	3.5	3.2	0	3.4	3.7
		'bl' 3.3	3.1	0	3.4	0	4.3	3.1	0	4	3.4	3.4	3.5	4.4	2.9	3.1	4.4	3.4	2.9	0	3.3	3.8	2.9	4.3	0	2.9	0
		'bm' 3.7	3.5	3.9	3.2	0	3.4	3.9	3.9	3.7	0	3.2	3.3	3.9	3.8	2.9	3.4	0	3.4	2.9	3.8	0	3.2	3.4	2.8	3.5	0
		'bn' 3.4	3.8	3.6	2.9	4.2	0	4	4	3	3.7	3.7	4.7	3.7	3.3	3.8	3.1	0	0	4.1	2.6	3.7	4.1	3.4	3.9	0	3.2
		'bo' 0	0	2.5	0	0	3.3	3.6	3.6	0	3.6	3.1	4.3	3.1	3.3	3.2	3.9	3	3.3	3.1	3.3	0	3.9	0	2.8	3	3.5
		'bp' 3.4	3.7	3.9	3.3	0	3.6	3.7	3.7	3.2	3.5	3.2	3.7	3.4	3.8	3	3.4	3.8	3.5	2.5	4.2	3.2	0	3.5	2.9	3.3	3.1
		'bq' 3.1	3.3	2.8	0	3.6	3.1	0	3.4	3.1	3.3	3.6	3.5	3.4	3.5	3.3	0	3.8	3.5	3.2	3.1	3.9	2.9	3.9	3.8	3.7	3.8
		'br' 0	2.9	3.5	3.6	3.8	3.7	3.6	3.2	3.4	3.3	3.8	4.3	2.9	4	3.2	3.8	0	3.3	4.2	0	3.9	3.2	4.1	0	2.7	2.8
		'bs' 2.9	3.4	3.1	3.2	2.4	0	3.5	3.4	3.5	3.4	2.9	3.7	2.6	3.9	3.4	3.9	0	3.5	3.9	3.4	3.8	0	3.8	3.5	3.4	3.3
		'bt' 4.2	3.1	3.4	3.1	3.6	3.8	3.6	3.9	0	3.8	4.3	3.6	3.2	3.6	3	2.7	3.9	4	3.5	3.2	3.7	3.6	3.4	4.4	0	4
		'bu' 2.6	3	3.5	3.7	3.8	3.7	4	0	3.1	3	3.6	0	3.7	2.9	3.9	3.4	3.9	3.2	3.7	3.4	2.9	3.6	4	3.4	4.7	0
		'bv' 3	3.2	3.7	4	0	3.7	4.1	3.3	3.8	3.1	3.4	3.8	3.1	3.1	3.4	0	2.7	3.4	3.6	4.2	4.5	3.8	4.2	3.4	2.6	3.9
		'bw' 3.4	0	0	3.8	3.6	3.6	4.1	3.9	3.7	2.9	3.1	3.9	4.5	3.4	3.1	3.8	0	0	3.8	4	3.5	3.5	3.4	3.3	3.6	2.8
		'bx' 4	3.6	3.6	3.8	3.6	3.7	3.5	3.3	3.3	0	3.5	3.7	3.5	3.4	3.1	3.1	0	2.5	3.7	3.7	3.4	3.1	0	3.7	2.8	3.7
;
		
param satiability : 'a' 'b' 'c' 'd' 'e' 'f' 'g' 'h' 'i' 'j' 'k' 'l' 'm' 'n' 'o' 'p' 'q' 'r' 's' 't' 'u' 'v' 'w' 'x' 'y' 'z' :=
		'aa' 770	750	690	580	340	430	290	280	210	460	750	850	390	610	440	450	700	460	330	470	750	550	810	310	390	290
		'ab' 720	780	670	530	360	390	320	270	210	450	750	870	360	620	490	400	730	480	370	500	800	530	850	330	430	270
		'ac' 770	720	670	530	370	410	290	320	180	440	740	870	350	660	490	460	730	410	360	450	710	590	860	350	400	310
		'ad' 790	750	730	560	330	430	330	250	160	470	790	880	400	610	460	450	740	430	340	460	760	550	770	310	350	320
		'ae' 760	720	720	590	380	400	250	330	260	480	710	890	400	580	460	420	690	410	280	440	720	580	770	300	350	250
		'af' 720	780	730	620	330	420	310	320	260	480	700	900	340	590	440	420	650	430	290	510	790	560	860	270	410	330
		'ag' 760	780	690	620	300	450	240	290	190	470	700	840	420	650	470	480	700	410	320	480	700	510	830	320	410	280
		'ah' 800	700	650	550	360	430	260	260	240	500	760	830	370	570	410	460	710	510	290	440	760	550	820	340	390	330
		'ai' 810	770	640	580	300	390	340	240	190	480	740	870	440	650	400	480	740	430	340	430	780	580	770	350	420	270
		'aj' 790	740	680	530	360	430	300	320	230	450	720	850	420	630	480	410	680	420	360	490	800	510	770	310	350	290
		'ak' 800	720	720	630	380	460	300	240	170	480	710	860	380	620	440	440	660	500	280	490	700	530	780	350	390	240
		'al' 740	700	710	580	330	470	310	310	210	490	730	840	350	580	440	480	710	490	330	510	760	520	810	290	440	310
		'am' 740	750	670	620	310	390	240	260	190	480	710	840	410	580	470	460	730	460	370	410	790	520	820	280	400	250
		'an' 820	740	660	560	370	430	260	230	220	450	740	810	370	630	410	480	750	460	360	480	700	600	820	260	430	290
		'ao' 760	720	700	590	310	470	320	290	200	430	800	890	340	570	410	430	690	450	290	440	780	600	800	280	390	340
		'ap' 780	700	670	630	370	480	330	280	230	420	790	800	400	630	400	500	690	430	340	460	710	530	850	330	440	240
		'aq' 730	790	660	580	360	400	310	260	230	450	700	860	380	640	390	460	730	450	300	460	770	550	780	290	390	300
		'ar' 770	710	690	620	300	400	250	270	250	440	790	880	440	610	410	420	750	430	330	470	710	540	790	280	380	250
		'as' 760	770	670	590	380	470	330	290	180	410	740	870	420	620	460	430	690	500	310	480	760	530	850	340	350	330
		'at' 720	760	710	590	380	460	290	300	160	400	760	830	400	570	450	440	710	460	380	430	770	550	850	350	400	310
		'au' 730	750	660	540	290	380	310	250	250	370	730	870	440	660	440	490	680	460	300	480	730	520	790	350	390	270
		'av' 750	760	650	620	310	430	330	230	260	380	770	860	360	590	470	430	710	460	290	510	720	530	830	310	400	300
		'aw' 800	730	640	590	380	430	260	280	260	370	760	810	440	590	490	440	650	440	360	460	700	550	770	300	400	280
		'ax' 810	760	670	610	300	460	250	310	240	350	760	840	360	600	420	470	670	470	330	480	710	560	830	330	360	280
		'ay' 780	790	710	580	310	440	240	330	200	380	750	850	370	640	420	460	730	490	310	450	700	540	800	340	440	300
		'az' 810	740	670	620	360	400	250	310	240	400	720	850	430	610	450	500	680	410	280	450	720	570	760	290	360	280
		'ba' 810	800	680	630	320	470	320	230	240	390	780	830	360	570	400	440	690	470	370	510	800	570	850	290	410	320
		'bb' 740	700	670	610	330	400	330	260	250	370	780	880	370	630	420	470	650	420	340	480	800	500	840	360	360	290
		'bc' 750	800	660	610	350	470	310	250	260	360	760	830	420	600	490	430	750	450	280	500	710	600	810	270	420	270
		'bd' 770	780	650	550	350	400	240	290	170	390	760	870	430	560	460	450	700	450	320	450	710	570	860	350	420	240
		'be' 790	710	640	590	330	470	300	230	190	380	780	840	410	570	490	460	690	500	350	420	750	580	790	280	380	260
		'bf' 730	770	650	560	310	430	290	320	260	360	720	880	390	560	450	420	650	490	360	480	800	550	790	330	370	340
		'bg' 760	700	710	530	320	380	330	310	250	390	760	850	350	650	450	410	690	430	370	440	700	560	790	290	390	270
		'bh' 730	720	740	620	360	390	300	230	160	400	780	850	400	590	440	430	690	470	340	440	700	520	760	340	350	310
		'bi' 720	740	700	580	320	460	320	260	200	420	730	850	380	600	490	480	720	440	300	480	800	570	820	280	350	310
		'bj' 800	780	640	560	290	400	330	240	170	390	770	800	370	600	490	400	650	440	360	410	790	580	850	320	340	250
		'bk' 790	750	670	560	350	480	290	240	260	400	750	850	430	660	490	400	740	490	360	460	760	590	830	360	340	280
		'bl' 770	710	660	610	390	390	340	270	240	420	770	870	420	660	390	500	690	510	380	500	760	520	860	350	340	340
		'bm' 820	730	720	610	370	470	320	250	250	420	720	880	340	580	460	440	670	430	330	460	750	560	760	340	390	270
		'bn' 800	790	650	630	340	380	320	330	240	450	710	810	440	610	420	440	660	410	340	500	730	550	830	280	390	340
		'bo' 740	740	740	590	340	420	310	300	250	430	790	830	430	640	440	490	740	480	340	460	760	540	780	350	390	340
		'bp' 720	730	720	550	320	410	330	230	200	430	790	840	370	570	430	440	700	410	370	450	740	580	800	330	380	320
		'bq' 750	770	740	550	290	400	260	300	240	420	750	800	380	610	490	410	710	490	320	410	730	530	850	280	370	320
		'br' 810	780	660	570	360	410	330	250	250	420	730	800	380	620	440	450	660	510	310	420	770	560	810	360	380	250
		'bs' 790	720	670	570	350	410	290	330	180	390	730	830	400	570	420	410	660	490	290	430	790	550	760	330	390	310
		'bt' 770	750	640	620	350	420	270	300	240	380	730	820	350	560	430	440	710	410	380	460	780	590	770	340	380	250
		'bu' 790	740	710	530	290	390	270	240	160	370	720	850	340	590	480	480	650	510	370	510	780	580	820	330	390	290
		'bv' 740	790	690	590	340	420	280	240	160	340	710	860	440	650	460	480	730	420	360	450	710	570	850	300	420	240
		'bw' 720	720	690	530	350	450	320	280	200	350	740	800	420	640	410	500	660	510	320	440	760	530	810	330	400	290
		'bx' 760	760	690	570	360	480	280	230	230	360	780	810	430	560	450	430	660	450	340	500	790	550	860	290	370	240
;
		
param b := 1200;
param t := 41;
param s := 2200;
     