MicroEMSIM SPAf Data: 
num_rev 	21
num_theta 	180
PloughingZone Area: theta Ap1 Ap2 .. 
0	9.90529e-007	9.90529e-007	9.90529e-007	9.90529e-007	9.90529e-007	9.90529e-007	9.90529e-007	9.90529e-007	9.90529e-007	9.9053e-007	9.9053e-007	9.9053e-007	9.9053e-007	9.9053e-007	9.9053e-007	9.9053e-007	9.9053e-007	9.9053e-007	9.9053e-007	9.9053e-007	
1	9.82663e-007	9.82663e-007	9.82663e-007	9.82663e-007	9.82663e-007	9.82663e-007	9.82663e-007	9.82663e-007	9.82663e-007	9.82663e-007	9.82663e-007	9.82663e-007	9.82664e-007	9.82664e-007	9.82664e-007	9.82664e-007	9.82664e-007	9.82664e-007	9.82664e-007	9.82664e-007	
2	1.19919e-006	1.19918e-006	1.19918e-006	1.19918e-006	1.19918e-006	1.19917e-006	1.19917e-006	1.19917e-006	1.19917e-006	1.19917e-006	1.19916e-006	1.19916e-006	1.19916e-006	1.19916e-006	1.19915e-006	1.19915e-006	1.19915e-006	1.19915e-006	1.19914e-006	1.19914e-006	
3	1.5363e-006	1.5363e-006	1.53629e-006	1.53629e-006	1.53629e-006	1.53629e-006	1.53629e-006	1.53628e-006	1.53628e-006	1.53628e-006	1.53628e-006	1.53627e-006	1.53627e-006	1.53627e-006	1.53627e-006	1.53627e-006	1.53626e-006	1.53626e-006	1.53626e-006	1.53626e-006	
4	1.82279e-006	1.82278e-006	1.82278e-006	1.82278e-006	1.82278e-006	1.82278e-006	1.82277e-006	1.82277e-006	1.82277e-006	1.82277e-006	1.82277e-006	1.82276e-006	1.82276e-006	1.82276e-006	1.82276e-006	1.82275e-006	1.82275e-006	1.82275e-006	1.82275e-006	1.82275e-006	
5	1.9668e-006	1.9668e-006	1.9668e-006	1.9668e-006	1.9668e-006	1.96679e-006	1.96679e-006	1.96679e-006	1.96679e-006	1.96679e-006	1.96678e-006	1.96678e-006	1.96678e-006	1.96678e-006	1.96678e-006	1.96677e-006	1.96677e-006	1.96677e-006	1.96677e-006	1.96677e-006	
6	1.80325e-006	1.80325e-006	1.80325e-006	1.80324e-006	1.80324e-006	1.80324e-006	1.80324e-006	1.80324e-006	1.80324e-006	1.80323e-006	1.80323e-006	1.80323e-006	1.80323e-006	1.80323e-006	1.80323e-006	1.80322e-006	1.80322e-006	1.80322e-006	1.80322e-006	1.80322e-006	
7	1.28164e-006	1.28164e-006	1.28164e-006	1.28164e-006	1.28165e-006	1.28165e-006	1.28165e-006	1.28165e-006	1.28165e-006	1.28166e-006	1.28166e-006	1.28166e-006	1.28166e-006	1.28166e-006	1.28167e-006	1.28167e-006	1.28167e-006	1.28167e-006	1.28168e-006	1.28168e-006	
8	2.23064e-006	2.23063e-006	2.23063e-006	2.23063e-006	2.23063e-006	2.23063e-006	2.23063e-006	2.23062e-006	2.23062e-006	2.23062e-006	2.23062e-006	2.23062e-006	2.23062e-006	2.23062e-006	2.23061e-006	2.23061e-006	2.23061e-006	2.23061e-006	2.23061e-006	2.23061e-006	
9	1.40929e-006	1.40929e-006	1.4093e-006	1.4093e-006	1.4093e-006	1.4093e-006	1.4093e-006	1.40931e-006	1.40931e-006	1.40931e-006	1.40931e-006	1.40931e-006	1.40932e-006	1.40932e-006	1.40932e-006	1.40932e-006	1.40933e-006	1.40933e-006	1.40933e-006	1.40933e-006	
10	1.15523e-006	1.15523e-006	1.15523e-006	1.15523e-006	1.15523e-006	1.15523e-006	1.15523e-006	1.15524e-006	1.15524e-006	1.15524e-006	1.15524e-006	1.15524e-006	1.15524e-006	1.15524e-006	1.15524e-006	1.15525e-006	1.15525e-006	1.15525e-006	1.15525e-006	1.15525e-006	
11	9.9524e-007	9.9524e-007	9.95241e-007	9.95242e-007	9.95243e-007	9.95244e-007	9.95245e-007	9.95245e-007	9.95246e-007	9.95247e-007	9.95248e-007	9.95249e-007	9.9525e-007	9.9525e-007	9.95251e-007	9.95252e-007	9.95253e-007	9.95254e-007	9.95254e-007	9.95255e-007	
12	8.79433e-007	8.79434e-007	8.79434e-007	8.79435e-007	8.79435e-007	8.79436e-007	8.79437e-007	8.79437e-007	8.79438e-007	8.79439e-007	8.79439e-007	8.7944e-007	8.7944e-007	8.79441e-007	8.79442e-007	8.79442e-007	8.79443e-007	8.79444e-007	8.79444e-007	8.79445e-007	
13	7.89728e-007	7.89728e-007	7.89729e-007	7.89729e-007	7.8973e-007	7.8973e-007	7.89731e-007	7.89731e-007	7.89732e-007	7.89732e-007	7.89733e-007	7.89733e-007	7.89734e-007	7.89734e-007	7.89735e-007	7.89735e-007	7.89736e-007	7.89736e-007	7.89737e-007	7.89737e-007	
14	7.17265e-007	7.17266e-007	7.17266e-007	7.17266e-007	7.17267e-007	7.17267e-007	7.17268e-007	7.17268e-007	7.17268e-007	7.17269e-007	7.17269e-007	7.1727e-007	7.1727e-007	7.1727e-007	7.17271e-007	7.17271e-007	7.17272e-007	7.17272e-007	7.17272e-007	7.17273e-007	
15	6.56993e-007	6.56993e-007	6.56993e-007	6.56994e-007	6.56994e-007	6.56994e-007	6.56995e-007	6.56995e-007	6.56995e-007	6.56996e-007	6.56996e-007	6.56996e-007	6.56997e-007	6.56997e-007	6.56997e-007	6.56998e-007	6.56998e-007	6.56998e-007	6.56999e-007	6.56999e-007	
16	6.05769e-007	6.0577e-007	6.0577e-007	6.0577e-007	6.05771e-007	6.05771e-007	6.05771e-007	6.05772e-007	6.05772e-007	6.05772e-007	6.05772e-007	6.05773e-007	6.05773e-007	6.05773e-007	6.05774e-007	6.05774e-007	6.05774e-007	6.05774e-007	6.05775e-007	6.05775e-007	
17	5.615e-007	5.61501e-007	5.61501e-007	5.61501e-007	5.61501e-007	5.61502e-007	5.61502e-007	5.61502e-007	5.61502e-007	5.61503e-007	5.61503e-007	5.61503e-007	5.61503e-007	5.61504e-007	5.61504e-007	5.61504e-007	5.61504e-007	5.61505e-007	5.61505e-007	5.61505e-007	
18	5.2272e-007	5.2272e-007	5.2272e-007	5.22721e-007	5.22721e-007	5.22721e-007	5.22721e-007	5.22722e-007	5.22722e-007	5.22722e-007	5.22722e-007	5.22722e-007	5.22723e-007	5.22723e-007	5.22723e-007	5.22723e-007	5.22724e-007	5.22724e-007	5.22724e-007	5.22724e-007	
19	4.88366e-007	4.88366e-007	4.88366e-007	4.88366e-007	4.88366e-007	4.88367e-007	4.88367e-007	4.88367e-007	4.88367e-007	4.88367e-007	4.88368e-007	4.88368e-007	4.88368e-007	4.88368e-007	4.88368e-007	4.88369e-007	4.88369e-007	4.88369e-007	4.88369e-007	4.88369e-007	
20	4.57643e-007	4.57643e-007	4.57643e-007	4.57644e-007	4.57644e-007	4.57644e-007	4.57644e-007	4.57644e-007	4.57644e-007	4.57645e-007	4.57645e-007	4.57645e-007	4.57645e-007	4.57645e-007	4.57645e-007	4.57646e-007	4.57646e-007	4.57646e-007	4.57646e-007	4.57646e-007	
21	4.29944e-007	4.29944e-007	4.29945e-007	4.29945e-007	4.29945e-007	4.29945e-007	4.29945e-007	4.29945e-007	4.29945e-007	4.29946e-007	4.29946e-007	4.29946e-007	4.29946e-007	4.29946e-007	4.29946e-007	4.29947e-007	4.29947e-007	4.29947e-007	4.29947e-007	4.29947e-007	
22	4.04795e-007	4.04795e-007	4.04795e-007	4.04795e-007	4.04795e-007	4.04795e-007	4.04795e-007	4.04796e-007	4.04796e-007	4.04796e-007	4.04796e-007	4.04796e-007	4.04796e-007	4.04796e-007	4.04797e-007	4.04797e-007	4.04797e-007	4.04797e-007	4.04797e-007	4.04797e-007	
23	3.81817e-007	3.81817e-007	3.81817e-007	3.81817e-007	3.81817e-007	3.81817e-007	3.81818e-007	3.81818e-007	3.81818e-007	3.81818e-007	3.81818e-007	3.81818e-007	3.81818e-007	3.81819e-007	3.81819e-007	3.81819e-007	3.81819e-007	3.81819e-007	3.81819e-007	3.81819e-007	
24	3.60707e-007	3.60707e-007	3.60707e-007	3.60708e-007	3.60708e-007	3.60708e-007	3.60708e-007	3.60708e-007	3.60708e-007	3.60708e-007	3.60708e-007	3.60709e-007	3.60709e-007	3.60709e-007	3.60709e-007	3.60709e-007	3.60709e-007	3.60709e-007	3.60709e-007	3.6071e-007	
25	3.41217e-007	3.41218e-007	3.41218e-007	3.41218e-007	3.41218e-007	3.41218e-007	3.41218e-007	3.41218e-007	3.41218e-007	3.41218e-007	3.41219e-007	3.41219e-007	3.41219e-007	3.41219e-007	3.41219e-007	3.41219e-007	3.41219e-007	3.41219e-007	3.4122e-007	3.4122e-007	
26	3.23143e-007	3.23143e-007	3.23143e-007	3.23143e-007	3.23143e-007	3.23143e-007	3.23143e-007	3.23144e-007	3.23144e-007	3.23144e-007	3.23144e-007	3.23144e-007	3.23144e-007	3.23144e-007	3.23144e-007	3.23144e-007	3.23145e-007	3.23145e-007	3.23145e-007	3.23145e-007	
27	3.06312e-007	3.06313e-007	3.06313e-007	3.06313e-007	3.06313e-007	3.06313e-007	3.06313e-007	3.06313e-007	3.06313e-007	3.06313e-007	3.06313e-007	3.06314e-007	3.06314e-007	3.06314e-007	3.06314e-007	3.06314e-007	3.06314e-007	3.06314e-007	3.06314e-007	3.06314e-007	
28	2.905e-007	2.905e-007	2.905e-007	2.905e-007	2.905e-007	2.90501e-007	2.90501e-007	2.90501e-007	2.90501e-007	2.90501e-007	2.90501e-007	2.90501e-007	2.90501e-007	2.90501e-007	2.90501e-007	2.90501e-007	2.90502e-007	2.90502e-007	2.90502e-007	2.90502e-007	
29	2.75622e-007	2.75622e-007	2.75622e-007	2.75622e-007	2.75622e-007	2.75622e-007	2.75622e-007	2.75622e-007	2.75622e-007	2.75622e-007	2.75623e-007	2.75623e-007	2.75623e-007	2.75623e-007	2.75623e-007	2.75623e-007	2.75623e-007	2.75623e-007	2.75623e-007	2.75623e-007	
30	2.61626e-007	2.61626e-007	2.61626e-007	2.61626e-007	2.61626e-007	2.61626e-007	2.61626e-007	2.61626e-007	2.61627e-007	2.61627e-007	2.61627e-007	2.61627e-007	2.61627e-007	2.61627e-007	2.61627e-007	2.61627e-007	2.61627e-007	2.61627e-007	2.61627e-007	2.61627e-007	
31	2.48422e-007	2.48422e-007	2.48422e-007	2.48422e-007	2.48422e-007	2.48422e-007	2.48422e-007	2.48422e-007	2.48422e-007	2.48422e-007	2.48423e-007	2.48423e-007	2.48423e-007	2.48423e-007	2.48423e-007	2.48423e-007	2.48423e-007	2.48423e-007	2.48423e-007	2.48423e-007	
32	2.35931e-007	2.35931e-007	2.35931e-007	2.35931e-007	2.35931e-007	2.35931e-007	2.35931e-007	2.35931e-007	2.35931e-007	2.35932e-007	2.35932e-007	2.35932e-007	2.35932e-007	2.35932e-007	2.35932e-007	2.35932e-007	2.35932e-007	2.35932e-007	2.35932e-007	2.35932e-007	
33	2.24085e-007	2.24085e-007	2.24085e-007	2.24085e-007	2.24085e-007	2.24085e-007	2.24085e-007	2.24085e-007	2.24086e-007	2.24086e-007	2.24086e-007	2.24086e-007	2.24086e-007	2.24086e-007	2.24086e-007	2.24086e-007	2.24086e-007	2.24086e-007	2.24086e-007	2.24086e-007	
34	2.12824e-007	2.12825e-007	2.12825e-007	2.12825e-007	2.12825e-007	2.12825e-007	2.12825e-007	2.12825e-007	2.12825e-007	2.12825e-007	2.12825e-007	2.12825e-007	2.12825e-007	2.12825e-007	2.12825e-007	2.12825e-007	2.12826e-007	2.12826e-007	2.12826e-007	2.12826e-007	
35	2.59784e-007	2.59784e-007	2.59784e-007	2.59784e-007	2.59784e-007	2.59784e-007	2.59784e-007	2.59784e-007	2.59784e-007	2.59784e-007	2.59785e-007	2.59785e-007	2.59785e-007	2.59785e-007	2.59785e-007	2.59785e-007	2.59785e-007	2.59785e-007	2.59785e-007	2.59785e-007	
36	2.56893e-007	2.56893e-007	2.56893e-007	2.56893e-007	2.56893e-007	2.56893e-007	2.56893e-007	2.56893e-007	2.56893e-007	2.56893e-007	2.56893e-007	2.56893e-007	2.56893e-007	2.56893e-007	2.56893e-007	2.56893e-007	2.56893e-007	2.56893e-007	2.56893e-007	2.56893e-007	
37	2.54088e-007	2.54089e-007	2.54089e-007	2.54089e-007	2.54089e-007	2.54089e-007	2.54089e-007	2.54089e-007	2.54089e-007	2.54089e-007	2.54089e-007	2.54089e-007	2.54089e-007	2.54089e-007	2.54089e-007	2.54089e-007	2.54089e-007	2.54089e-007	2.54089e-007	2.54089e-007	
38	2.51369e-007	2.51369e-007	2.51369e-007	2.51369e-007	2.51369e-007	2.51369e-007	2.51369e-007	2.51369e-007	2.51369e-007	2.51369e-007	2.51369e-007	2.51369e-007	2.51369e-007	2.51369e-007	2.51369e-007	2.51369e-007	2.51369e-007	2.5137e-007	2.5137e-007	2.5137e-007	
39	2.48733e-007	2.48733e-007	2.48733e-007	2.48733e-007	2.48733e-007	2.48733e-007	2.48733e-007	2.48733e-007	2.48733e-007	2.48733e-007	2.48733e-007	2.48733e-007	2.48733e-007	2.48733e-007	2.48733e-007	2.48733e-007	2.48733e-007	2.48733e-007	2.48733e-007	2.48733e-007	
40	2.46176e-007	2.46176e-007	2.46176e-007	2.46176e-007	2.46176e-007	2.46176e-007	2.46176e-007	2.46176e-007	2.46176e-007	2.46176e-007	2.46176e-007	2.46176e-007	2.46176e-007	2.46176e-007	2.46176e-007	2.46176e-007	2.46176e-007	2.46176e-007	2.46176e-007	2.46176e-007	
41	2.43698e-007	2.43698e-007	2.43698e-007	2.43698e-007	2.43698e-007	2.43698e-007	2.43698e-007	2.43698e-007	2.43698e-007	2.43698e-007	2.43698e-007	2.43698e-007	2.43698e-007	2.43698e-007	2.43698e-007	2.43698e-007	2.43698e-007	2.43698e-007	2.43698e-007	2.43698e-007	
42	2.41295e-007	2.41295e-007	2.41295e-007	2.41295e-007	2.41295e-007	2.41295e-007	2.41295e-007	2.41295e-007	2.41296e-007	2.41296e-007	2.41296e-007	2.41296e-007	2.41296e-007	2.41296e-007	2.41296e-007	2.41296e-007	2.41296e-007	2.41296e-007	2.41296e-007	2.41296e-007	
43	2.38967e-007	2.38967e-007	2.38967e-007	2.38967e-007	2.38967e-007	2.38967e-007	2.38967e-007	2.38967e-007	2.38967e-007	2.38967e-007	2.38967e-007	2.38967e-007	2.38967e-007	2.38967e-007	2.38967e-007	2.38967e-007	2.38967e-007	2.38967e-007	2.38967e-007	2.38967e-007	
44	2.36711e-007	2.36711e-007	2.36711e-007	2.36711e-007	2.36711e-007	2.36711e-007	2.36711e-007	2.36711e-007	2.36711e-007	2.36711e-007	2.36711e-007	2.36711e-007	2.36711e-007	2.36711e-007	2.36711e-007	2.36711e-007	2.36711e-007	2.36711e-007	2.36711e-007	2.36711e-007	
45	3.07516e-007	3.07514e-007	3.07513e-007	3.07512e-007	3.0751e-007	3.07509e-007	3.07508e-007	3.07506e-007	3.07505e-007	3.07503e-007	3.07502e-007	3.07501e-007	3.07499e-007	3.07498e-007	3.07497e-007	3.07495e-007	3.07494e-007	3.07492e-007	3.07491e-007	3.0749e-007	
46	5.15926e-007	5.15924e-007	5.15923e-007	5.15922e-007	5.1592e-007	5.15919e-007	5.15917e-007	5.15916e-007	5.15914e-007	5.15913e-007	5.15912e-007	5.1591e-007	5.15909e-007	5.15907e-007	5.15906e-007	5.15905e-007	5.15903e-007	5.15902e-007	5.159e-007	5.15899e-007	
47	7.29209e-007	7.29207e-007	7.29206e-007	7.29204e-007	7.29203e-007	7.29202e-007	7.292e-007	7.29199e-007	7.29197e-007	7.29196e-007	7.29194e-007	7.29193e-007	7.29191e-007	7.2919e-007	7.29189e-007	7.29187e-007	7.29186e-007	7.29184e-007	7.29183e-007	7.29181e-007	
48	9.46399e-007	9.46397e-007	9.46396e-007	9.46394e-007	9.46393e-007	9.46391e-007	9.4639e-007	9.46388e-007	9.46387e-007	9.46385e-007	9.46384e-007	9.46382e-007	9.46381e-007	9.4638e-007	9.46378e-007	9.46377e-007	9.46375e-007	9.46374e-007	9.46372e-007	9.46371e-007	
49	1.16641e-006	1.16641e-006	1.16641e-006	1.16641e-006	1.16641e-006	1.16641e-006	1.16641e-006	1.1664e-006	1.1664e-006	1.1664e-006	1.1664e-006	1.1664e-006	1.1664e-006	1.1664e-006	1.16639e-006	1.16639e-006	1.16639e-006	1.16639e-006	1.16639e-006	1.16639e-006	
50	1.38806e-006	1.38806e-006	1.38806e-006	1.38806e-006	1.38806e-006	1.38806e-006	1.38805e-006	1.38805e-006	1.38805e-006	1.38805e-006	1.38805e-006	1.38805e-006	1.38804e-006	1.38804e-006	1.38804e-006	1.38804e-006	1.38804e-006	1.38804e-006	1.38804e-006	1.38803e-006	
51	1.61004e-006	1.61004e-006	1.61004e-006	1.61004e-006	1.61003e-006	1.61003e-006	1.61003e-006	1.61003e-006	1.61003e-006	1.61003e-006	1.61003e-006	1.61002e-006	1.61002e-006	1.61002e-006	1.61002e-006	1.61002e-006	1.61002e-006	1.61002e-006	1.61001e-006	1.61001e-006	
52	1.83094e-006	1.83093e-006	1.83093e-006	1.83093e-006	1.83093e-006	1.83093e-006	1.83093e-006	1.83093e-006	1.83092e-006	1.83092e-006	1.83092e-006	1.83092e-006	1.83092e-006	1.83092e-006	1.83091e-006	1.83091e-006	1.83091e-006	1.83091e-006	1.83091e-006	1.83091e-006	
53	2.04926e-006	2.04926e-006	2.04926e-006	2.04925e-006	2.04925e-006	2.04925e-006	2.04925e-006	2.04925e-006	2.04925e-006	2.04925e-006	2.04924e-006	2.04924e-006	2.04924e-006	2.04924e-006	2.04924e-006	2.04924e-006	2.04924e-006	2.04923e-006	2.04923e-006	2.04923e-006	
54	2.26345e-006	2.26345e-006	2.26345e-006	2.26344e-006	2.26344e-006	2.26344e-006	2.26344e-006	2.26344e-006	2.26344e-006	2.26344e-006	2.26343e-006	2.26343e-006	2.26343e-006	2.26343e-006	2.26343e-006	2.26343e-006	2.26343e-006	2.26342e-006	2.26342e-006	2.26342e-006	
55	2.47385e-006	2.47385e-006	2.47385e-006	2.47385e-006	2.47384e-006	2.47384e-006	2.47384e-006	2.47384e-006	2.47384e-006	2.47384e-006	2.47384e-006	2.47383e-006	2.47383e-006	2.47383e-006	2.47383e-006	2.47383e-006	2.47383e-006	2.47383e-006	2.47383e-006	2.47382e-006	
56	1.71449e-006	1.71449e-006	1.7145e-006	1.7145e-006	1.7145e-006	1.7145e-006	1.7145e-006	1.71451e-006	1.71451e-006	1.71451e-006	1.71451e-006	1.71451e-006	1.71452e-006	1.71452e-006	1.71452e-006	1.71452e-006	1.71452e-006	1.71453e-006	1.71453e-006	1.71453e-006	
57	1.48435e-006	1.48435e-006	1.48436e-006	1.48436e-006	1.48436e-006	1.48436e-006	1.48436e-006	1.48436e-006	1.48436e-006	1.48436e-006	1.48436e-006	1.48437e-006	1.48437e-006	1.48437e-006	1.48437e-006	1.48437e-006	1.48437e-006	1.48437e-006	1.48437e-006	1.48437e-006	
58	1.34062e-006	1.34062e-006	1.34062e-006	1.34062e-006	1.34062e-006	1.34062e-006	1.34062e-006	1.34062e-006	1.34062e-006	1.34062e-006	1.34062e-006	1.34062e-006	1.34062e-006	1.34063e-006	1.34063e-006	1.34063e-006	1.34063e-006	1.34063e-006	1.34063e-006	1.34063e-006	
59	1.23877e-006	1.23877e-006	1.23877e-006	1.23878e-006	1.23878e-006	1.23878e-006	1.23878e-006	1.23878e-006	1.23878e-006	1.23878e-006	1.23878e-006	1.23878e-006	1.23878e-006	1.23878e-006	1.23878e-006	1.23878e-006	1.23878e-006	1.23878e-006	1.23878e-006	1.23878e-006	
60	1.16227e-006	1.16227e-006	1.16228e-006	1.16228e-006	1.16228e-006	1.16228e-006	1.16228e-006	1.16228e-006	1.16228e-006	1.16228e-006	1.16228e-006	1.16228e-006	1.16228e-006	1.16228e-006	1.16228e-006	1.16228e-006	1.16228e-006	1.16228e-006	1.16228e-006	1.16228e-006	
61	1.10294e-006	1.10294e-006	1.10294e-006	1.10294e-006	1.10294e-006	1.10294e-006	1.10294e-006	1.10294e-006	1.10294e-006	1.10294e-006	1.10294e-006	1.10295e-006	1.10295e-006	1.10295e-006	1.10295e-006	1.10295e-006	1.10295e-006	1.10295e-006	1.10295e-006	1.10295e-006	
62	1.0561e-006	1.0561e-006	1.0561e-006	1.0561e-006	1.0561e-006	1.0561e-006	1.0561e-006	1.0561e-006	1.0561e-006	1.0561e-006	1.0561e-006	1.0561e-006	1.0561e-006	1.0561e-006	1.0561e-006	1.0561e-006	1.0561e-006	1.0561e-006	1.0561e-006	1.0561e-006	
63	1.01883e-006	1.01883e-006	1.01883e-006	1.01883e-006	1.01883e-006	1.01883e-006	1.01883e-006	1.01883e-006	1.01883e-006	1.01883e-006	1.01883e-006	1.01883e-006	1.01883e-006	1.01883e-006	1.01883e-006	1.01883e-006	1.01883e-006	1.01883e-006	1.01883e-006	1.01883e-006	
64	9.89186e-007	9.89186e-007	9.89186e-007	9.89186e-007	9.89186e-007	9.89187e-007	9.89187e-007	9.89187e-007	9.89187e-007	9.89187e-007	9.89187e-007	9.89188e-007	9.89188e-007	9.89188e-007	9.89188e-007	9.89188e-007	9.89188e-007	9.89189e-007	9.89189e-007	9.89189e-007	
65	9.65853e-007	9.65853e-007	9.65854e-007	9.65854e-007	9.65854e-007	9.65854e-007	9.65854e-007	9.65854e-007	9.65854e-007	9.65854e-007	9.65855e-007	9.65855e-007	9.65855e-007	9.65855e-007	9.65855e-007	9.65855e-007	9.65855e-007	9.65855e-007	9.65856e-007	9.65856e-007	
66	9.479e-007	9.479e-007	9.479e-007	9.479e-007	9.479e-007	9.479e-007	9.479e-007	9.479e-007	9.47901e-007	9.47901e-007	9.47901e-007	9.47901e-007	9.47901e-007	9.47901e-007	9.47901e-007	9.47901e-007	9.47901e-007	9.47901e-007	9.47901e-007	9.47902e-007	
67	9.34669e-007	9.34669e-007	9.34669e-007	9.3467e-007	9.3467e-007	9.3467e-007	9.3467e-007	9.3467e-007	9.3467e-007	9.3467e-007	9.3467e-007	9.3467e-007	9.3467e-007	9.3467e-007	9.3467e-007	9.3467e-007	9.3467e-007	9.3467e-007	9.3467e-007	9.34671e-007	
68	9.25705e-007	9.25705e-007	9.25705e-007	9.25705e-007	9.25705e-007	9.25705e-007	9.25705e-007	9.25705e-007	9.25705e-007	9.25705e-007	9.25705e-007	9.25705e-007	9.25705e-007	9.25705e-007	9.25705e-007	9.25705e-007	9.25705e-007	9.25705e-007	9.25705e-007	9.25705e-007	
69	9.207e-007	9.207e-007	9.207e-007	9.207e-007	9.207e-007	9.207e-007	9.207e-007	9.207e-007	9.207e-007	9.207e-007	9.20701e-007	9.20701e-007	9.20701e-007	9.20701e-007	9.20701e-007	9.20701e-007	9.20701e-007	9.20701e-007	9.20701e-007	9.20701e-007	
70	9.19473e-007	9.19473e-007	9.19473e-007	9.19473e-007	9.19473e-007	9.19473e-007	9.19473e-007	9.19473e-007	9.19473e-007	9.19473e-007	9.19473e-007	9.19473e-007	9.19473e-007	9.19473e-007	9.19473e-007	9.19473e-007	9.19473e-007	9.19473e-007	9.19473e-007	9.19473e-007	
71	9.21944e-007	9.21944e-007	9.21944e-007	9.21944e-007	9.21944e-007	9.21944e-007	9.21944e-007	9.21944e-007	9.21944e-007	9.21944e-007	9.21944e-007	9.21944e-007	9.21944e-007	9.21944e-007	9.21944e-007	9.21944e-007	9.21944e-007	9.21944e-007	9.21944e-007	9.21944e-007	
72	9.28132e-007	9.28132e-007	9.28132e-007	9.28132e-007	9.28132e-007	9.28132e-007	9.28132e-007	9.28132e-007	9.28131e-007	9.28131e-007	9.28131e-007	9.28131e-007	9.28131e-007	9.28131e-007	9.28131e-007	9.28131e-007	9.28131e-007	9.28131e-007	9.28131e-007	9.28131e-007	
73	9.38148e-007	9.38148e-007	9.38148e-007	9.38148e-007	9.38147e-007	9.38147e-007	9.38147e-007	9.38147e-007	9.38147e-007	9.38147e-007	9.38147e-007	9.38147e-007	9.38147e-007	9.38147e-007	9.38147e-007	9.38146e-007	9.38146e-007	9.38146e-007	9.38146e-007	9.38146e-007	
74	9.52204e-007	9.52204e-007	9.52203e-007	9.52203e-007	9.52203e-007	9.52203e-007	9.52203e-007	9.52203e-007	9.52203e-007	9.52203e-007	9.52202e-007	9.52202e-007	9.52202e-007	9.52202e-007	9.52202e-007	9.52202e-007	9.52202e-007	9.52202e-007	9.52202e-007	9.52201e-007	
75	9.70624e-007	9.70624e-007	9.70624e-007	9.70623e-007	9.70623e-007	9.70623e-007	9.70623e-007	9.70623e-007	9.70623e-007	9.70623e-007	9.70622e-007	9.70622e-007	9.70622e-007	9.70622e-007	9.70622e-007	9.70622e-007	9.70622e-007	9.70621e-007	9.70621e-007	9.70621e-007	
76	9.93869e-007	9.93868e-007	9.93868e-007	9.93868e-007	9.93868e-007	9.93868e-007	9.93867e-007	9.93867e-007	9.93867e-007	9.93867e-007	9.93867e-007	9.93867e-007	9.93866e-007	9.93866e-007	9.93866e-007	9.93866e-007	9.93866e-007	9.93865e-007	9.93865e-007	9.93865e-007	
77	1.02257e-006	1.02257e-006	1.02257e-006	1.02257e-006	1.02257e-006	1.02257e-006	1.02257e-006	1.02257e-006	1.02257e-006	1.02257e-006	1.02257e-006	1.02257e-006	1.02257e-006	1.02257e-006	1.02257e-006	1.02257e-006	1.02257e-006	1.02257e-006	1.02257e-006	1.02257e-006	
78	1.05759e-006	1.05759e-006	1.05759e-006	1.05759e-006	1.05759e-006	1.05759e-006	1.05759e-006	1.05759e-006	1.05759e-006	1.05759e-006	1.05759e-006	1.05759e-006	1.05759e-006	1.05759e-006	1.05759e-006	1.05759e-006	1.05759e-006	1.05759e-006	1.05758e-006	1.05758e-006	
79	1.10012e-006	1.10012e-006	1.10012e-006	1.10012e-006	1.10012e-006	1.10011e-006	1.10011e-006	1.10011e-006	1.10011e-006	1.10011e-006	1.10011e-006	1.10011e-006	1.10011e-006	1.10011e-006	1.10011e-006	1.10011e-006	1.10011e-006	1.10011e-006	1.10011e-006	1.10011e-006	
80	1.15182e-006	1.15182e-006	1.15182e-006	1.15182e-006	1.15182e-006	1.15182e-006	1.15182e-006	1.15182e-006	1.15182e-006	1.15182e-006	1.15182e-006	1.15182e-006	1.15182e-006	1.15182e-006	1.15182e-006	1.15182e-006	1.15182e-006	1.15182e-006	1.15182e-006	1.15182e-006	
81	1.21515e-006	1.21515e-006	1.21515e-006	1.21515e-006	1.21515e-006	1.21515e-006	1.21515e-006	1.21515e-006	1.21515e-006	1.21515e-006	1.21515e-006	1.21515e-006	1.21515e-006	1.21515e-006	1.21514e-006	1.21514e-006	1.21514e-006	1.21514e-006	1.21514e-006	1.21514e-006	
82	1.29385e-006	1.29385e-006	1.29385e-006	1.29385e-006	1.29385e-006	1.29385e-006	1.29385e-006	1.29385e-006	1.29385e-006	1.29385e-006	1.29385e-006	1.29385e-006	1.29385e-006	1.29385e-006	1.29385e-006	1.29384e-006	1.29384e-006	1.29384e-006	1.29384e-006	1.29384e-006	
83	1.3942e-006	1.3942e-006	1.3942e-006	1.3942e-006	1.3942e-006	1.3942e-006	1.3942e-006	1.3942e-006	1.3942e-006	1.3942e-006	1.3942e-006	1.3942e-006	1.3942e-006	1.39419e-006	1.39419e-006	1.39419e-006	1.39419e-006	1.39419e-006	1.39419e-006	1.39419e-006	
84	1.5282e-006	1.5282e-006	1.5282e-006	1.5282e-006	1.5282e-006	1.5282e-006	1.5282e-006	1.5282e-006	1.5282e-006	1.52819e-006	1.52819e-006	1.52819e-006	1.52819e-006	1.52819e-006	1.52819e-006	1.52819e-006	1.52819e-006	1.52819e-006	1.52819e-006	1.52818e-006	
85	1.72519e-006	1.72519e-006	1.72518e-006	1.72518e-006	1.72518e-006	1.72518e-006	1.72518e-006	1.72518e-006	1.72517e-006	1.72517e-006	1.72517e-006	1.72517e-006	1.72517e-006	1.72517e-006	1.72516e-006	1.72516e-006	1.72516e-006	1.72516e-006	1.72516e-006	1.72516e-006	
86	2.13352e-006	2.13351e-006	2.13351e-006	2.1335e-006	2.1335e-006	2.13349e-006	2.13349e-006	2.13348e-006	2.13347e-006	2.13347e-006	2.13346e-006	2.13346e-006	2.13345e-006	2.13345e-006	2.13344e-006	2.13344e-006	2.13343e-006	2.13343e-006	2.13342e-006	2.13342e-006	
87	2.33176e-006	2.33176e-006	2.33176e-006	2.33176e-006	2.33176e-006	2.33176e-006	2.33176e-006	2.33177e-006	2.33177e-006	2.33177e-006	2.33177e-006	2.33177e-006	2.33177e-006	2.33177e-006	2.33177e-006	2.33177e-006	2.33177e-006	2.33177e-006	2.33178e-006	2.33178e-006	
88	2.1907e-006	2.1907e-006	2.1907e-006	2.1907e-006	2.1907e-006	2.1907e-006	2.1907e-006	2.1907e-006	2.1907e-006	2.1907e-006	2.19071e-006	2.19071e-006	2.19071e-006	2.19071e-006	2.19071e-006	2.19071e-006	2.19071e-006	2.19071e-006	2.19071e-006	2.19071e-006	
89	2.05504e-006	2.05504e-006	2.05504e-006	2.05504e-006	2.05504e-006	2.05504e-006	2.05504e-006	2.05504e-006	2.05504e-006	2.05504e-006	2.05505e-006	2.05505e-006	2.05505e-006	2.05505e-006	2.05505e-006	2.05505e-006	2.05505e-006	2.05505e-006	2.05505e-006	2.05505e-006	
90	1.92601e-006	1.92601e-006	1.92602e-006	1.92602e-006	1.92602e-006	1.92602e-006	1.92602e-006	1.92602e-006	1.92602e-006	1.92602e-006	1.92602e-006	1.92602e-006	1.92602e-006	1.92602e-006	1.92603e-006	1.92603e-006	1.92603e-006	1.92603e-006	1.92603e-006	1.92603e-006	
91	1.80495e-006	1.80495e-006	1.80496e-006	1.80496e-006	1.80496e-006	1.80496e-006	1.80496e-006	1.80496e-006	1.80496e-006	1.80496e-006	1.80496e-006	1.80496e-006	1.80496e-006	1.80496e-006	1.80496e-006	1.80496e-006	1.80497e-006	1.80497e-006	1.80497e-006	1.80497e-006	
92	1.69305e-006	1.69305e-006	1.69305e-006	1.69305e-006	1.69305e-006	1.69305e-006	1.69306e-006	1.69306e-006	1.69306e-006	1.69306e-006	1.69306e-006	1.69306e-006	1.69306e-006	1.69306e-006	1.69306e-006	1.69306e-006	1.69306e-006	1.69306e-006	1.69306e-006	1.69306e-006	
93	1.59137e-006	1.59137e-006	1.59137e-006	1.59137e-006	1.59137e-006	1.59137e-006	1.59137e-006	1.59137e-006	1.59137e-006	1.59137e-006	1.59137e-006	1.59138e-006	1.59138e-006	1.59138e-006	1.59138e-006	1.59138e-006	1.59138e-006	1.59138e-006	1.59138e-006	1.59138e-006	
94	1.50082e-006	1.50082e-006	1.50082e-006	1.50082e-006	1.50082e-006	1.50082e-006	1.50082e-006	1.50082e-006	1.50082e-006	1.50082e-006	1.50083e-006	1.50083e-006	1.50083e-006	1.50083e-006	1.50083e-006	1.50083e-006	1.50083e-006	1.50083e-006	1.50083e-006	1.50083e-006	
95	1.42217e-006	1.42217e-006	1.42217e-006	1.42217e-006	1.42217e-006	1.42217e-006	1.42217e-006	1.42217e-006	1.42217e-006	1.42217e-006	1.42217e-006	1.42217e-006	1.42217e-006	1.42217e-006	1.42217e-006	1.42217e-006	1.42217e-006	1.42217e-006	1.42217e-006	1.42218e-006	
96	1.35601e-006	1.35601e-006	1.35601e-006	1.35601e-006	1.35601e-006	1.35601e-006	1.35601e-006	1.35602e-006	1.35602e-006	1.35602e-006	1.35602e-006	1.35602e-006	1.35602e-006	1.35602e-006	1.35602e-006	1.35602e-006	1.35602e-006	1.35602e-006	1.35602e-006	1.35602e-006	
97	1.30281e-006	1.30281e-006	1.30281e-006	1.30281e-006	1.30281e-006	1.30281e-006	1.30281e-006	1.30281e-006	1.30281e-006	1.30281e-006	1.30281e-006	1.30281e-006	1.30281e-006	1.30281e-006	1.30281e-006	1.30281e-006	1.30281e-006	1.30281e-006	1.30281e-006	1.30281e-006	
98	1.26283e-006	1.26284e-006	1.26284e-006	1.26284e-006	1.26284e-006	1.26284e-006	1.26284e-006	1.26284e-006	1.26284e-006	1.26284e-006	1.26284e-006	1.26284e-006	1.26284e-006	1.26284e-006	1.26284e-006	1.26284e-006	1.26284e-006	1.26284e-006	1.26284e-006	1.26284e-006	
99	1.23622e-006	1.23622e-006	1.23622e-006	1.23622e-006	1.23622e-006	1.23623e-006	1.23623e-006	1.23623e-006	1.23623e-006	1.23623e-006	1.23623e-006	1.23623e-006	1.23623e-006	1.23623e-006	1.23623e-006	1.23623e-006	1.23623e-006	1.23623e-006	1.23623e-006	1.23623e-006	
100	1.22294e-006	1.22294e-006	1.22294e-006	1.22294e-006	1.22294e-006	1.22294e-006	1.22294e-006	1.22294e-006	1.22294e-006	1.22294e-006	1.22294e-006	1.22294e-006	1.22294e-006	1.22294e-006	1.22294e-006	1.22294e-006	1.22294e-006	1.22294e-006	1.22294e-006	1.22294e-006	
101	1.22281e-006	1.22281e-006	1.22281e-006	1.22281e-006	1.22281e-006	1.22281e-006	1.22281e-006	1.22281e-006	1.22281e-006	1.22281e-006	1.2228e-006	1.2228e-006	1.2228e-006	1.2228e-006	1.2228e-006	1.2228e-006	1.2228e-006	1.2228e-006	1.2228e-006	1.2228e-006	
102	1.23547e-006	1.23547e-006	1.23547e-006	1.23547e-006	1.23547e-006	1.23547e-006	1.23547e-006	1.23547e-006	1.23547e-006	1.23547e-006	1.23547e-006	1.23547e-006	1.23547e-006	1.23547e-006	1.23547e-006	1.23547e-006	1.23547e-006	1.23547e-006	1.23547e-006	1.23547e-006	
103	1.26045e-006	1.26045e-006	1.26045e-006	1.26045e-006	1.26045e-006	1.26045e-006	1.26045e-006	1.26045e-006	1.26045e-006	1.26045e-006	1.26045e-006	1.26045e-006	1.26045e-006	1.26045e-006	1.26045e-006	1.26045e-006	1.26045e-006	1.26045e-006	1.26045e-006	1.26045e-006	
104	1.29712e-006	1.29712e-006	1.29712e-006	1.29712e-006	1.29712e-006	1.29712e-006	1.29712e-006	1.29712e-006	1.29712e-006	1.29712e-006	1.29712e-006	1.29712e-006	1.29712e-006	1.29711e-006	1.29711e-006	1.29711e-006	1.29711e-006	1.29711e-006	1.29711e-006	1.29711e-006	
105	1.3447e-006	1.3447e-006	1.3447e-006	1.3447e-006	1.3447e-006	1.3447e-006	1.3447e-006	1.3447e-006	1.3447e-006	1.3447e-006	1.3447e-006	1.3447e-006	1.3447e-006	1.3447e-006	1.3447e-006	1.3447e-006	1.3447e-006	1.3447e-006	1.3447e-006	1.3447e-006	
106	1.40231e-006	1.40231e-006	1.40231e-006	1.40231e-006	1.40231e-006	1.40231e-006	1.40231e-006	1.40231e-006	1.40231e-006	1.40231e-006	1.40231e-006	1.4023e-006	1.4023e-006	1.4023e-006	1.4023e-006	1.4023e-006	1.4023e-006	1.4023e-006	1.4023e-006	1.4023e-006	
107	1.46891e-006	1.46891e-006	1.46891e-006	1.46891e-006	1.46891e-006	1.46891e-006	1.46891e-006	1.46891e-006	1.46891e-006	1.46891e-006	1.46891e-006	1.46891e-006	1.46891e-006	1.46891e-006	1.46891e-006	1.46891e-006	1.4689e-006	1.4689e-006	1.4689e-006	1.4689e-006	
108	1.54338e-006	1.54338e-006	1.54338e-006	1.54338e-006	1.54338e-006	1.54338e-006	1.54338e-006	1.54338e-006	1.54338e-006	1.54337e-006	1.54337e-006	1.54337e-006	1.54337e-006	1.54337e-006	1.54337e-006	1.54337e-006	1.54337e-006	1.54337e-006	1.54337e-006	1.54337e-006	
109	1.62576e-006	1.62576e-006	1.62576e-006	1.62576e-006	1.62576e-006	1.62576e-006	1.62576e-006	1.62575e-006	1.62575e-006	1.62575e-006	1.62575e-006	1.62575e-006	1.62575e-006	1.62575e-006	1.62575e-006	1.62575e-006	1.62575e-006	1.62575e-006	1.62575e-006	1.62575e-006	
110	1.71382e-006	1.71382e-006	1.71382e-006	1.71382e-006	1.71382e-006	1.71382e-006	1.71381e-006	1.71381e-006	1.71381e-006	1.71381e-006	1.71381e-006	1.71381e-006	1.71381e-006	1.71381e-006	1.71381e-006	1.71381e-006	1.71381e-006	1.71381e-006	1.71381e-006	1.71381e-006	
111	1.80593e-006	1.80593e-006	1.80593e-006	1.80593e-006	1.80593e-006	1.80593e-006	1.80593e-006	1.80593e-006	1.80592e-006	1.80592e-006	1.80592e-006	1.80592e-006	1.80592e-006	1.80592e-006	1.80592e-006	1.80592e-006	1.80592e-006	1.80592e-006	1.80592e-006	1.80592e-006	
112	1.90063e-006	1.90063e-006	1.90063e-006	1.90063e-006	1.90063e-006	1.90062e-006	1.90062e-006	1.90062e-006	1.90062e-006	1.90062e-006	1.90062e-006	1.90062e-006	1.90062e-006	1.90062e-006	1.90062e-006	1.90062e-006	1.90062e-006	1.90062e-006	1.90062e-006	1.90062e-006	
113	1.9964e-006	1.9964e-006	1.9964e-006	1.9964e-006	1.99639e-006	1.99639e-006	1.99639e-006	1.99639e-006	1.99639e-006	1.99639e-006	1.99639e-006	1.99639e-006	1.99639e-006	1.99639e-006	1.99639e-006	1.99639e-006	1.99639e-006	1.99639e-006	1.99639e-006	1.99639e-006	
114	2.09169e-006	2.09169e-006	2.09169e-006	2.09169e-006	2.09169e-006	2.09169e-006	2.09169e-006	2.09169e-006	2.09169e-006	2.09168e-006	2.09168e-006	2.09168e-006	2.09168e-006	2.09168e-006	2.09168e-006	2.09168e-006	2.09168e-006	2.09168e-006	2.09168e-006	2.09168e-006	
115	2.18494e-006	2.18494e-006	2.18494e-006	2.18494e-006	2.18494e-006	2.18494e-006	2.18494e-006	2.18494e-006	2.18494e-006	2.18494e-006	2.18493e-006	2.18493e-006	2.18493e-006	2.18493e-006	2.18493e-006	2.18493e-006	2.18493e-006	2.18493e-006	2.18493e-006	2.18493e-006	
116	2.27459e-006	2.27459e-006	2.27459e-006	2.27459e-006	2.27459e-006	2.27459e-006	2.27459e-006	2.27459e-006	2.27459e-006	2.27459e-006	2.27459e-006	2.27458e-006	2.27458e-006	2.27458e-006	2.27458e-006	2.27458e-006	2.27458e-006	2.27458e-006	2.27458e-006	2.27458e-006	
117	2.35911e-006	2.35911e-006	2.35911e-006	2.35911e-006	2.35911e-006	2.35911e-006	2.35911e-006	2.35911e-006	2.3591e-006	2.3591e-006	2.3591e-006	2.3591e-006	2.3591e-006	2.3591e-006	2.3591e-006	2.3591e-006	2.3591e-006	2.3591e-006	2.3591e-006	2.3591e-006	
118	2.43703e-006	2.43703e-006	2.43703e-006	2.43703e-006	2.43703e-006	2.43703e-006	2.43703e-006	2.43703e-006	2.43703e-006	2.43703e-006	2.43702e-006	2.43702e-006	2.43702e-006	2.43702e-006	2.43702e-006	2.43702e-006	2.43702e-006	2.43702e-006	2.43702e-006	2.43702e-006	
119	2.08555e-006	2.08555e-006	2.08555e-006	2.08556e-006	2.08556e-006	2.08556e-006	2.08556e-006	2.08556e-006	2.08557e-006	2.08557e-006	2.08557e-006	2.08557e-006	2.08557e-006	2.08557e-006	2.08558e-006	2.08558e-006	2.08558e-006	2.08558e-006	2.08558e-006	2.08559e-006	
120	1.89787e-006	1.89787e-006	1.89787e-006	1.89787e-006	1.89787e-006	1.89787e-006	1.89787e-006	1.89787e-006	1.89788e-006	1.89788e-006	1.89788e-006	1.89788e-006	1.89788e-006	1.89788e-006	1.89788e-006	1.89788e-006	1.89788e-006	1.89788e-006	1.89788e-006	1.89788e-006	
121	1.79332e-006	1.79332e-006	1.79332e-006	1.79332e-006	1.79332e-006	1.79333e-006	1.79333e-006	1.79333e-006	1.79333e-006	1.79333e-006	1.79333e-006	1.79333e-006	1.79333e-006	1.79333e-006	1.79333e-006	1.79333e-006	1.79333e-006	1.79333e-006	1.79333e-006	1.79333e-006	
122	1.72943e-006	1.72943e-006	1.72944e-006	1.72944e-006	1.72944e-006	1.72944e-006	1.72944e-006	1.72944e-006	1.72944e-006	1.72944e-006	1.72944e-006	1.72944e-006	1.72944e-006	1.72944e-006	1.72944e-006	1.72944e-006	1.72944e-006	1.72944e-006	1.72944e-006	1.72944e-006	
123	1.6927e-006	1.6927e-006	1.6927e-006	1.6927e-006	1.6927e-006	1.6927e-006	1.6927e-006	1.6927e-006	1.6927e-006	1.6927e-006	1.6927e-006	1.6927e-006	1.6927e-006	1.6927e-006	1.6927e-006	1.6927e-006	1.6927e-006	1.6927e-006	1.6927e-006	1.6927e-006	
124	1.67786e-006	1.67786e-006	1.67786e-006	1.67786e-006	1.67786e-006	1.67786e-006	1.67786e-006	1.67786e-006	1.67786e-006	1.67786e-006	1.67786e-006	1.67786e-006	1.67786e-006	1.67786e-006	1.67786e-006	1.67786e-006	1.67786e-006	1.67786e-006	1.67786e-006	1.67786e-006	
125	1.68345e-006	1.68345e-006	1.68345e-006	1.68345e-006	1.68345e-006	1.68345e-006	1.68345e-006	1.68345e-006	1.68345e-006	1.68345e-006	1.68345e-006	1.68345e-006	1.68345e-006	1.68345e-006	1.68345e-006	1.68345e-006	1.68345e-006	1.68345e-006	1.68344e-006	1.68344e-006	
126	1.71085e-006	1.71085e-006	1.71085e-006	1.71085e-006	1.71085e-006	1.71085e-006	1.71085e-006	1.71085e-006	1.71085e-006	1.71084e-006	1.71084e-006	1.71084e-006	1.71084e-006	1.71084e-006	1.71084e-006	1.71084e-006	1.71084e-006	1.71084e-006	1.71084e-006	1.71084e-006	
127	1.76512e-006	1.76512e-006	1.76512e-006	1.76512e-006	1.76512e-006	1.76511e-006	1.76511e-006	1.76511e-006	1.76511e-006	1.76511e-006	1.76511e-006	1.76511e-006	1.76511e-006	1.76511e-006	1.76511e-006	1.76511e-006	1.76511e-006	1.76511e-006	1.76511e-006	1.76511e-006	
128	1.85885e-006	1.85885e-006	1.85885e-006	1.85885e-006	1.85885e-006	1.85885e-006	1.85885e-006	1.85884e-006	1.85884e-006	1.85884e-006	1.85884e-006	1.85884e-006	1.85884e-006	1.85884e-006	1.85884e-006	1.85884e-006	1.85884e-006	1.85884e-006	1.85884e-006	1.85883e-006	
129	2.03061e-006	2.03061e-006	2.03061e-006	2.0306e-006	2.0306e-006	2.0306e-006	2.0306e-006	2.0306e-006	2.0306e-006	2.03059e-006	2.03059e-006	2.03059e-006	2.03059e-006	2.03059e-006	2.03059e-006	2.03058e-006	2.03058e-006	2.03058e-006	2.03058e-006	2.03058e-006	
130	2.47125e-006	2.47125e-006	2.47125e-006	2.47125e-006	2.47125e-006	2.47125e-006	2.47125e-006	2.47125e-006	2.47125e-006	2.47125e-006	2.47125e-006	2.47125e-006	2.47125e-006	2.47125e-006	2.47125e-006	2.47125e-006	2.47125e-006	2.47125e-006	2.47126e-006	2.47126e-006	
131	2.37635e-006	2.37635e-006	2.37636e-006	2.37636e-006	2.37636e-006	2.37636e-006	2.37636e-006	2.37636e-006	2.37636e-006	2.37636e-006	2.37636e-006	2.37636e-006	2.37636e-006	2.37636e-006	2.37636e-006	2.37636e-006	2.37636e-006	2.37637e-006	2.37637e-006	2.37637e-006	
132	2.27066e-006	2.27066e-006	2.27066e-006	2.27066e-006	2.27066e-006	2.27066e-006	2.27066e-006	2.27066e-006	2.27066e-006	2.27066e-006	2.27067e-006	2.27067e-006	2.27067e-006	2.27067e-006	2.27067e-006	2.27067e-006	2.27067e-006	2.27067e-006	2.27067e-006	2.27067e-006	
133	2.15081e-006	2.15081e-006	2.15081e-006	2.15081e-006	2.15081e-006	2.15081e-006	2.15081e-006	2.15081e-006	2.15081e-006	2.15081e-006	2.15081e-006	2.15082e-006	2.15082e-006	2.15082e-006	2.15082e-006	2.15082e-006	2.15082e-006	2.15082e-006	2.15082e-006	2.15082e-006	
134	2.0175e-006	2.0175e-006	2.0175e-006	2.0175e-006	2.0175e-006	2.0175e-006	2.0175e-006	2.0175e-006	2.0175e-006	2.0175e-006	2.0175e-006	2.01751e-006	2.01751e-006	2.01751e-006	2.01751e-006	2.01751e-006	2.01751e-006	2.01751e-006	2.01751e-006	2.01751e-006	
135	1.87158e-006	1.87159e-006	1.87159e-006	1.87159e-006	1.87159e-006	1.87159e-006	1.87159e-006	1.87159e-006	1.87159e-006	1.87159e-006	1.87159e-006	1.8716e-006	1.8716e-006	1.8716e-006	1.8716e-006	1.8716e-006	1.8716e-006	1.8716e-006	1.8716e-006	1.8716e-006	
136	1.7141e-006	1.7141e-006	1.7141e-006	1.7141e-006	1.7141e-006	1.7141e-006	1.7141e-006	1.71411e-006	1.71411e-006	1.71411e-006	1.71411e-006	1.71411e-006	1.71411e-006	1.71411e-006	1.71411e-006	1.71411e-006	1.71412e-006	1.71412e-006	1.71412e-006	1.71412e-006	
137	1.54618e-006	1.54619e-006	1.54619e-006	1.54619e-006	1.54619e-006	1.54619e-006	1.54619e-006	1.54619e-006	1.54619e-006	1.54619e-006	1.5462e-006	1.5462e-006	1.5462e-006	1.5462e-006	1.5462e-006	1.5462e-006	1.5462e-006	1.5462e-006	1.5462e-006	1.54621e-006	
138	1.36906e-006	1.36906e-006	1.36906e-006	1.36906e-006	1.36907e-006	1.36907e-006	1.36907e-006	1.36907e-006	1.36907e-006	1.36907e-006	1.36907e-006	1.36907e-006	1.36907e-006	1.36908e-006	1.36908e-006	1.36908e-006	1.36908e-006	1.36908e-006	1.36908e-006	1.36908e-006	
139	1.184e-006	1.184e-006	1.184e-006	1.184e-006	1.18401e-006	1.18401e-006	1.18401e-006	1.18401e-006	1.18401e-006	1.18401e-006	1.18401e-006	1.18401e-006	1.18402e-006	1.18402e-006	1.18402e-006	1.18402e-006	1.18402e-006	1.18402e-006	1.18402e-006	1.18402e-006	
140	9.92324e-007	9.92325e-007	9.92327e-007	9.92328e-007	9.92329e-007	9.9233e-007	9.92332e-007	9.92333e-007	9.92334e-007	9.92335e-007	9.92337e-007	9.92338e-007	9.92339e-007	9.9234e-007	9.92342e-007	9.92343e-007	9.92344e-007	9.92345e-007	9.92347e-007	9.92348e-007	
141	7.95384e-007	7.95385e-007	7.95386e-007	7.95387e-007	7.95389e-007	7.9539e-007	7.95391e-007	7.95393e-007	7.95394e-007	7.95395e-007	7.95396e-007	7.95398e-007	7.95399e-007	7.954e-007	7.95401e-007	7.95403e-007	7.95404e-007	7.95405e-007	7.95406e-007	7.95408e-007	
142	5.94521e-007	5.94523e-007	5.94524e-007	5.94525e-007	5.94526e-007	5.94528e-007	5.94529e-007	5.9453e-007	5.94532e-007	5.94533e-007	5.94534e-007	5.94535e-007	5.94537e-007	5.94538e-007	5.94539e-007	5.94541e-007	5.94542e-007	5.94543e-007	5.94544e-007	5.94546e-007	
143	3.91056e-007	3.91057e-007	3.91059e-007	3.9106e-007	3.91061e-007	3.91063e-007	3.91064e-007	3.91065e-007	3.91066e-007	3.91068e-007	3.91069e-007	3.9107e-007	3.91072e-007	3.91073e-007	3.91074e-007	3.91075e-007	3.91077e-007	3.91078e-007	3.91079e-007	3.91081e-007	
144	2.55768e-007	2.55768e-007	2.55768e-007	2.55768e-007	2.55768e-007	2.55768e-007	2.55768e-007	2.55768e-007	2.55768e-007	2.55768e-007	2.55768e-007	2.55768e-007	2.55768e-007	2.55768e-007	2.55768e-007	2.55768e-007	2.55768e-007	2.55768e-007	2.55768e-007	2.55768e-007	
145	2.58587e-007	2.58587e-007	2.58587e-007	2.58587e-007	2.58587e-007	2.58587e-007	2.58587e-007	2.58587e-007	2.58587e-007	2.58587e-007	2.58587e-007	2.58587e-007	2.58587e-007	2.58587e-007	2.58587e-007	2.58587e-007	2.58587e-007	2.58587e-007	2.58587e-007	2.58587e-007	
146	2.08227e-007	2.08227e-007	2.08227e-007	2.08227e-007	2.08227e-007	2.08227e-007	2.08227e-007	2.08227e-007	2.08227e-007	2.08227e-007	2.08226e-007	2.08226e-007	2.08226e-007	2.08226e-007	2.08226e-007	2.08226e-007	2.08226e-007	2.08226e-007	2.08226e-007	2.08226e-007	
147	2.19125e-007	2.19125e-007	2.19125e-007	2.19124e-007	2.19124e-007	2.19124e-007	2.19124e-007	2.19124e-007	2.19124e-007	2.19124e-007	2.19124e-007	2.19124e-007	2.19124e-007	2.19124e-007	2.19124e-007	2.19124e-007	2.19124e-007	2.19124e-007	2.19123e-007	2.19123e-007	
148	2.30582e-007	2.30582e-007	2.30582e-007	2.30582e-007	2.30582e-007	2.30582e-007	2.30581e-007	2.30581e-007	2.30581e-007	2.30581e-007	2.30581e-007	2.30581e-007	2.30581e-007	2.30581e-007	2.30581e-007	2.30581e-007	2.30581e-007	2.30581e-007	2.30581e-007	2.30581e-007	
149	2.42656e-007	2.42656e-007	2.42656e-007	2.42656e-007	2.42656e-007	2.42656e-007	2.42656e-007	2.42656e-007	2.42656e-007	2.42655e-007	2.42655e-007	2.42655e-007	2.42655e-007	2.42655e-007	2.42655e-007	2.42655e-007	2.42655e-007	2.42655e-007	2.42655e-007	2.42655e-007	
150	2.55413e-007	2.55413e-007	2.55413e-007	2.55413e-007	2.55413e-007	2.55413e-007	2.55413e-007	2.55413e-007	2.55413e-007	2.55413e-007	2.55412e-007	2.55412e-007	2.55412e-007	2.55412e-007	2.55412e-007	2.55412e-007	2.55412e-007	2.55412e-007	2.55412e-007	2.55412e-007	
151	2.68929e-007	2.68929e-007	2.68929e-007	2.68929e-007	2.68929e-007	2.68928e-007	2.68928e-007	2.68928e-007	2.68928e-007	2.68928e-007	2.68928e-007	2.68928e-007	2.68928e-007	2.68928e-007	2.68928e-007	2.68928e-007	2.68928e-007	2.68927e-007	2.68927e-007	2.68927e-007	
152	2.83291e-007	2.83291e-007	2.8329e-007	2.8329e-007	2.8329e-007	2.8329e-007	2.8329e-007	2.8329e-007	2.8329e-007	2.8329e-007	2.8329e-007	2.8329e-007	2.8329e-007	2.83289e-007	2.83289e-007	2.83289e-007	2.83289e-007	2.83289e-007	2.83289e-007	2.83289e-007	
153	2.98493e-007	2.98493e-007	2.98493e-007	2.98493e-007	2.98493e-007	2.98493e-007	2.98493e-007	2.98493e-007	2.98493e-007	2.98493e-007	2.98492e-007	2.98492e-007	2.98492e-007	2.98492e-007	2.98492e-007	2.98492e-007	2.98492e-007	2.98492e-007	2.98492e-007	2.98492e-007	
154	3.1471e-007	3.1471e-007	3.1471e-007	3.1471e-007	3.1471e-007	3.14709e-007	3.14709e-007	3.14709e-007	3.14709e-007	3.14709e-007	3.14709e-007	3.14709e-007	3.14709e-007	3.14709e-007	3.14709e-007	3.14708e-007	3.14708e-007	3.14708e-007	3.14708e-007	3.14708e-007	
155	3.32118e-007	3.32118e-007	3.32117e-007	3.32117e-007	3.32117e-007	3.32117e-007	3.32117e-007	3.32117e-007	3.32117e-007	3.32117e-007	3.32117e-007	3.32116e-007	3.32116e-007	3.32116e-007	3.32116e-007	3.32116e-007	3.32116e-007	3.32116e-007	3.32116e-007	3.32116e-007	
156	3.50879e-007	3.50879e-007	3.50879e-007	3.50879e-007	3.50879e-007	3.50879e-007	3.50879e-007	3.50878e-007	3.50878e-007	3.50878e-007	3.50878e-007	3.50878e-007	3.50878e-007	3.50878e-007	3.50878e-007	3.50877e-007	3.50877e-007	3.50877e-007	3.50877e-007	3.50877e-007	
157	3.7119e-007	3.71189e-007	3.71189e-007	3.71189e-007	3.71189e-007	3.71189e-007	3.71189e-007	3.71189e-007	3.71189e-007	3.71188e-007	3.71188e-007	3.71188e-007	3.71188e-007	3.71188e-007	3.71188e-007	3.71188e-007	3.71188e-007	3.71187e-007	3.71187e-007	3.71187e-007	
158	3.93284e-007	3.93284e-007	3.93284e-007	3.93284e-007	3.93283e-007	3.93283e-007	3.93283e-007	3.93283e-007	3.93283e-007	3.93283e-007	3.93283e-007	3.93282e-007	3.93282e-007	3.93282e-007	3.93282e-007	3.93282e-007	3.93282e-007	3.93282e-007	3.93281e-007	3.93281e-007	
159	4.1745e-007	4.1745e-007	4.17449e-007	4.17449e-007	4.17449e-007	4.17449e-007	4.17449e-007	4.17449e-007	4.17448e-007	4.17448e-007	4.17448e-007	4.17448e-007	4.17448e-007	4.17448e-007	4.17448e-007	4.17447e-007	4.17447e-007	4.17447e-007	4.17447e-007	4.17447e-007	
160	4.44042e-007	4.44042e-007	4.44041e-007	4.44041e-007	4.44041e-007	4.44041e-007	4.44041e-007	4.44041e-007	4.4404e-007	4.4404e-007	4.4404e-007	4.4404e-007	4.4404e-007	4.4404e-007	4.44039e-007	4.44039e-007	4.44039e-007	4.44039e-007	4.44039e-007	4.44038e-007	
161	4.73505e-007	4.73505e-007	4.73505e-007	4.73505e-007	4.73504e-007	4.73504e-007	4.73504e-007	4.73504e-007	4.73504e-007	4.73504e-007	4.73503e-007	4.73503e-007	4.73503e-007	4.73503e-007	4.73503e-007	4.73502e-007	4.73502e-007	4.73502e-007	4.73502e-007	4.73502e-007	
162	5.06407e-007	5.06407e-007	5.06407e-007	5.06407e-007	5.06407e-007	5.06406e-007	5.06406e-007	5.06406e-007	5.06406e-007	5.06405e-007	5.06405e-007	5.06405e-007	5.06405e-007	5.06405e-007	5.06404e-007	5.06404e-007	5.06404e-007	5.06404e-007	5.06404e-007	5.06403e-007	
163	5.43485e-007	5.43485e-007	5.43485e-007	5.43484e-007	5.43484e-007	5.43484e-007	5.43484e-007	5.43483e-007	5.43483e-007	5.43483e-007	5.43483e-007	5.43482e-007	5.43482e-007	5.43482e-007	5.43482e-007	5.43481e-007	5.43481e-007	5.43481e-007	5.43481e-007	5.4348e-007	
164	5.85718e-007	5.85717e-007	5.85717e-007	5.85717e-007	5.85716e-007	5.85716e-007	5.85716e-007	5.85716e-007	5.85715e-007	5.85715e-007	5.85715e-007	5.85715e-007	5.85714e-007	5.85714e-007	5.85714e-007	5.85713e-007	5.85713e-007	5.85713e-007	5.85713e-007	5.85712e-007	
165	6.34444e-007	6.34444e-007	6.34443e-007	6.34443e-007	6.34443e-007	6.34442e-007	6.34442e-007	6.34442e-007	6.34441e-007	6.34441e-007	6.34441e-007	6.3444e-007	6.3444e-007	6.3444e-007	6.34439e-007	6.34439e-007	6.34439e-007	6.34438e-007	6.34438e-007	6.34438e-007	
166	6.91558e-007	6.91558e-007	6.91557e-007	6.91557e-007	6.91557e-007	6.91556e-007	6.91556e-007	6.91555e-007	6.91555e-007	6.91555e-007	6.91554e-007	6.91554e-007	6.91553e-007	6.91553e-007	6.91553e-007	6.91552e-007	6.91552e-007	6.91552e-007	6.91551e-007	6.91551e-007	
167	7.59863e-007	7.59862e-007	7.59862e-007	7.59861e-007	7.59861e-007	7.59861e-007	7.5986e-007	7.5986e-007	7.59859e-007	7.59859e-007	7.59858e-007	7.59858e-007	7.59857e-007	7.59857e-007	7.59856e-007	7.59856e-007	7.59855e-007	7.59855e-007	7.59855e-007	7.59854e-007	
168	8.43759e-007	8.43759e-007	8.43758e-007	8.43758e-007	8.43757e-007	8.43757e-007	8.43756e-007	8.43755e-007	8.43755e-007	8.43754e-007	8.43754e-007	8.43753e-007	8.43753e-007	8.43752e-007	8.43751e-007	8.43751e-007	8.4375e-007	8.4375e-007	8.43749e-007	8.43749e-007	
169	9.50769e-007	9.50769e-007	9.50768e-007	9.50767e-007	9.50766e-007	9.50766e-007	9.50765e-007	9.50764e-007	9.50763e-007	9.50763e-007	9.50762e-007	9.50761e-007	9.5076e-007	9.5076e-007	9.50759e-007	9.50758e-007	9.50757e-007	9.50757e-007	9.50756e-007	9.50755e-007	
170	1.09554e-006	1.09554e-006	1.09554e-006	1.09554e-006	1.09554e-006	1.09553e-006	1.09553e-006	1.09553e-006	1.09553e-006	1.09553e-006	1.09553e-006	1.09553e-006	1.09553e-006	1.09553e-006	1.09552e-006	1.09552e-006	1.09552e-006	1.09552e-006	1.09552e-006	1.09552e-006	
171	1.3142e-006	1.31419e-006	1.31419e-006	1.31419e-006	1.31419e-006	1.31419e-006	1.31419e-006	1.31418e-006	1.31418e-006	1.31418e-006	1.31418e-006	1.31418e-006	1.31418e-006	1.31417e-006	1.31417e-006	1.31417e-006	1.31417e-006	1.31417e-006	1.31416e-006	1.31416e-006	
172	1.78032e-006	1.78031e-006	1.78031e-006	1.7803e-006	1.7803e-006	1.78029e-006	1.78029e-006	1.78028e-006	1.78028e-006	1.78027e-006	1.78026e-006	1.78026e-006	1.78025e-006	1.78025e-006	1.78024e-006	1.78024e-006	1.78023e-006	1.78023e-006	1.78022e-006	1.78021e-006	
173	2.04487e-006	2.04487e-006	2.04488e-006	2.04488e-006	2.04488e-006	2.04488e-006	2.04488e-006	2.04488e-006	2.04489e-006	2.04489e-006	2.04489e-006	2.04489e-006	2.04489e-006	2.04489e-006	2.04489e-006	2.0449e-006	2.0449e-006	2.0449e-006	2.0449e-006	2.0449e-006	
174	1.67201e-006	1.67201e-006	1.672e-006	1.67199e-006	1.67199e-006	1.67198e-006	1.67198e-006	1.67197e-006	1.67197e-006	1.67196e-006	1.67196e-006	1.67195e-006	1.67195e-006	1.67194e-006	1.67194e-006	1.67193e-006	1.67193e-006	1.67192e-006	1.67192e-006	1.67191e-006	
175	1.60596e-006	1.60596e-006	1.60596e-006	1.60596e-006	1.60596e-006	1.60597e-006	1.60597e-006	1.60597e-006	1.60597e-006	1.60597e-006	1.60597e-006	1.60598e-006	1.60598e-006	1.60598e-006	1.60598e-006	1.60598e-006	1.60598e-006	1.60599e-006	1.60599e-006	1.60599e-006	
176	1.70073e-006	1.70073e-006	1.70074e-006	1.70074e-006	1.70074e-006	1.70074e-006	1.70074e-006	1.70075e-006	1.70075e-006	1.70075e-006	1.70075e-006	1.70075e-006	1.70076e-006	1.70076e-006	1.70076e-006	1.70076e-006	1.70076e-006	1.70077e-006	1.70077e-006	1.70077e-006	
177	1.52972e-006	1.52972e-006	1.52972e-006	1.52972e-006	1.52972e-006	1.52973e-006	1.52973e-006	1.52973e-006	1.52973e-006	1.52974e-006	1.52974e-006	1.52974e-006	1.52974e-006	1.52974e-006	1.52975e-006	1.52975e-006	1.52975e-006	1.52975e-006	1.52976e-006	1.52976e-006	
178	1.22737e-006	1.22737e-006	1.22737e-006	1.22738e-006	1.22738e-006	1.22738e-006	1.22738e-006	1.22739e-006	1.22739e-006	1.22739e-006	1.22739e-006	1.22739e-006	1.2274e-006	1.2274e-006	1.2274e-006	1.2274e-006	1.22741e-006	1.22741e-006	1.22741e-006	1.22741e-006	
179	9.88728e-007	9.88728e-007	9.88728e-007	9.88728e-007	9.88728e-007	9.88728e-007	9.88728e-007	9.88728e-007	9.88728e-007	9.88728e-007	9.88728e-007	9.88728e-007	9.88728e-007	9.88728e-007	9.88728e-007	9.88728e-007	9.88728e-007	9.88728e-007	9.88728e-007	9.88728e-007	
PloughingZone Area: theta Ac1 Ac2 ..
0	0	0	0	0	0	0	0	0	0	0	0	0	0	0	0	0	0	0	0	0	
1	0	0	0	0	0	0	0	0	0	0	0	0	0	0	0	0	0	0	0	0	
2	0	0	0	0	0	0	0	0	0	0	0	0	0	0	0	0	0	0	0	0	
3	0	0	0	0	0	0	0	0	0	0	0	0	0	0	0	0	0	0	0	0	
4	0	0	0	0	0	0	0	0	0	0	0	0	0	0	0	0	0	0	0	0	
5	0	0	0	0	0	0	0	0	0	0	0	0	0	0	0	0	0	0	0	0	
6	0	0	0	0	0	0	0	0	0	0	0	0	0	0	0	0	0	0	0	0	
7	1.30872e-006	1.30871e-006	1.30871e-006	1.30871e-006	1.3087e-006	1.3087e-006	1.30869e-006	1.30869e-006	1.30869e-006	1.30868e-006	1.30868e-006	1.30867e-006	1.30867e-006	1.30867e-006	1.30866e-006	1.30866e-006	1.30865e-006	1.30865e-006	1.30865e-006	1.30864e-006	
8	0	0	0	0	0	0	0	0	0	0	0	0	0	0	0	0	0	0	0	0	
9	1.07284e-006	1.07284e-006	1.07283e-006	1.07283e-006	1.07282e-006	1.07282e-006	1.07282e-006	1.07281e-006	1.07281e-006	1.07281e-006	1.0728e-006	1.0728e-006	1.0728e-006	1.07279e-006	1.07279e-006	1.07278e-006	1.07278e-006	1.07278e-006	1.07277e-006	1.07277e-006	
10	1.57759e-006	1.57759e-006	1.57759e-006	1.57759e-006	1.57758e-006	1.57758e-006	1.57758e-006	1.57758e-006	1.57757e-006	1.57757e-006	1.57757e-006	1.57756e-006	1.57756e-006	1.57756e-006	1.57756e-006	1.57755e-006	1.57755e-006	1.57755e-006	1.57755e-006	1.57754e-006	
11	1.98726e-006	1.98725e-006	1.98725e-006	1.98725e-006	1.98725e-006	1.98724e-006	1.98724e-006	1.98724e-006	1.98724e-006	1.98723e-006	1.98723e-006	1.98723e-006	1.98723e-006	1.98723e-006	1.98722e-006	1.98722e-006	1.98722e-006	1.98722e-006	1.98721e-006	1.98721e-006	
12	2.3517e-006	2.3517e-006	2.3517e-006	2.3517e-006	2.35169e-006	2.35169e-006	2.35169e-006	2.35169e-006	2.35168e-006	2.35168e-006	2.35168e-006	2.35168e-006	2.35168e-006	2.35167e-006	2.35167e-006	2.35167e-006	2.35167e-006	2.35167e-006	2.35166e-006	2.35166e-006	
13	2.68876e-006	2.68876e-006	2.68876e-006	2.68876e-006	2.68876e-006	2.68875e-006	2.68875e-006	2.68875e-006	2.68875e-006	2.68875e-006	2.68874e-006	2.68874e-006	2.68874e-006	2.68874e-006	2.68874e-006	2.68873e-006	2.68873e-006	2.68873e-006	2.68873e-006	2.68873e-006	
14	3.00713e-006	3.00713e-006	3.00713e-006	3.00712e-006	3.00712e-006	3.00712e-006	3.00712e-006	3.00712e-006	3.00711e-006	3.00711e-006	3.00711e-006	3.00711e-006	3.00711e-006	3.00711e-006	3.0071e-006	3.0071e-006	3.0071e-006	3.0071e-006	3.0071e-006	3.00709e-006	
15	3.31177e-006	3.31176e-006	3.31176e-006	3.31176e-006	3.31176e-006	3.31176e-006	3.31175e-006	3.31175e-006	3.31175e-006	3.31175e-006	3.31175e-006	3.31175e-006	3.31174e-006	3.31174e-006	3.31174e-006	3.31174e-006	3.31174e-006	3.31173e-006	3.31173e-006	3.31173e-006	
16	3.60567e-006	3.60567e-006	3.60567e-006	3.60566e-006	3.60566e-006	3.60566e-006	3.60566e-006	3.60566e-006	3.60566e-006	3.60565e-006	3.60565e-006	3.60565e-006	3.60565e-006	3.60565e-006	3.60565e-006	3.60564e-006	3.60564e-006	3.60564e-006	3.60564e-006	3.60564e-006	
17	3.89081e-006	3.89081e-006	3.89081e-006	3.8908e-006	3.8908e-006	3.8908e-006	3.8908e-006	3.8908e-006	3.8908e-006	3.89079e-006	3.89079e-006	3.89079e-006	3.89079e-006	3.89079e-006	3.89079e-006	3.89078e-006	3.89078e-006	3.89078e-006	3.89078e-006	3.89078e-006	
18	4.16852e-006	4.16852e-006	4.16852e-006	4.16852e-006	4.16852e-006	4.16851e-006	4.16851e-006	4.16851e-006	4.16851e-006	4.16851e-006	4.1685e-006	4.1685e-006	4.1685e-006	4.1685e-006	4.1685e-006	4.1685e-006	4.16849e-006	4.16849e-006	4.16849e-006	4.16849e-006	
19	4.43974e-006	4.43974e-006	4.43974e-006	4.43973e-006	4.43973e-006	4.43973e-006	4.43973e-006	4.43973e-006	4.43973e-006	4.43972e-006	4.43972e-006	4.43972e-006	4.43972e-006	4.43972e-006	4.43972e-006	4.43971e-006	4.43971e-006	4.43971e-006	4.43971e-006	4.43971e-006	
20	4.70513e-006	4.70513e-006	4.70513e-006	4.70512e-006	4.70512e-006	4.70512e-006	4.70512e-006	4.70512e-006	4.70512e-006	4.70511e-006	4.70511e-006	4.70511e-006	4.70511e-006	4.70511e-006	4.70511e-006	4.7051e-006	4.7051e-006	4.7051e-006	4.7051e-006	4.7051e-006	
21	4.96517e-006	4.96517e-006	4.96517e-006	4.96517e-006	4.96516e-006	4.96516e-006	4.96516e-006	4.96516e-006	4.96516e-006	4.96516e-006	4.96515e-006	4.96515e-006	4.96515e-006	4.96515e-006	4.96515e-006	4.96515e-006	4.96515e-006	4.96514e-006	4.96514e-006	4.96514e-006	
22	5.22021e-006	5.22021e-006	5.22021e-006	5.22021e-006	5.22021e-006	5.2202e-006	5.2202e-006	5.2202e-006	5.2202e-006	5.2202e-006	5.2202e-006	5.22019e-006	5.22019e-006	5.22019e-006	5.22019e-006	5.22019e-006	5.22019e-006	5.22018e-006	5.22018e-006	5.22018e-006	
23	5.4705e-006	5.4705e-006	5.4705e-006	5.4705e-006	5.4705e-006	5.4705e-006	5.47049e-006	5.47049e-006	5.47049e-006	5.47049e-006	5.47049e-006	5.47049e-006	5.47048e-006	5.47048e-006	5.47048e-006	5.47048e-006	5.47048e-006	5.47048e-006	5.47048e-006	5.47047e-006	
24	5.71623e-006	5.71622e-006	5.71622e-006	5.71622e-006	5.71622e-006	5.71622e-006	5.71622e-006	5.71621e-006	5.71621e-006	5.71621e-006	5.71621e-006	5.71621e-006	5.71621e-006	5.71621e-006	5.7162e-006	5.7162e-006	5.7162e-006	5.7162e-006	5.7162e-006	5.7162e-006	
25	5.9575e-006	5.9575e-006	5.9575e-006	5.9575e-006	5.9575e-006	5.9575e-006	5.9575e-006	5.95749e-006	5.95749e-006	5.95749e-006	5.95749e-006	5.95749e-006	5.95749e-006	5.95748e-006	5.95748e-006	5.95748e-006	5.95748e-006	5.95748e-006	5.95748e-006	5.95748e-006	
26	6.19442e-006	6.19442e-006	6.19442e-006	6.19442e-006	6.19442e-006	6.19442e-006	6.19442e-006	6.19441e-006	6.19441e-006	6.19441e-006	6.19441e-006	6.19441e-006	6.19441e-006	6.19441e-006	6.1944e-006	6.1944e-006	6.1944e-006	6.1944e-006	6.1944e-006	6.1944e-006	
27	6.42704e-006	6.42704e-006	6.42704e-006	6.42704e-006	6.42704e-006	6.42703e-006	6.42703e-006	6.42703e-006	6.42703e-006	6.42703e-006	6.42703e-006	6.42703e-006	6.42702e-006	6.42702e-006	6.42702e-006	6.42702e-006	6.42702e-006	6.42702e-006	6.42702e-006	6.42701e-006	
28	6.65661e-006	6.65661e-006	6.65661e-006	6.65661e-006	6.65661e-006	6.65661e-006	6.65661e-006	6.65661e-006	6.6566e-006	6.6566e-006	6.6566e-006	6.6566e-006	6.6566e-006	6.6566e-006	6.6566e-006	6.65659e-006	6.65659e-006	6.65659e-006	6.65659e-006	6.65659e-006	
29	6.88273e-006	6.88273e-006	6.88273e-006	6.88273e-006	6.88273e-006	6.88273e-006	6.88273e-006	6.88272e-006	6.88272e-006	6.88272e-006	6.88272e-006	6.88272e-006	6.88272e-006	6.88272e-006	6.88272e-006	6.88271e-006	6.88271e-006	6.88271e-006	6.88271e-006	6.88271e-006	
30	7.10463e-006	7.10463e-006	7.10463e-006	7.10463e-006	7.10463e-006	7.10462e-006	7.10462e-006	7.10462e-006	7.10462e-006	7.10462e-006	7.10462e-006	7.10462e-006	7.10462e-006	7.10461e-006	7.10461e-006	7.10461e-006	7.10461e-006	7.10461e-006	7.10461e-006	7.10461e-006	
31	7.32229e-006	7.32229e-006	7.32229e-006	7.32229e-006	7.32229e-006	7.32229e-006	7.32229e-006	7.32229e-006	7.32228e-006	7.32228e-006	7.32228e-006	7.32228e-006	7.32228e-006	7.32228e-006	7.32228e-006	7.32228e-006	7.32227e-006	7.32227e-006	7.32227e-006	7.32227e-006	
32	7.53571e-006	7.53571e-006	7.53571e-006	7.5357e-006	7.5357e-006	7.5357e-006	7.5357e-006	7.5357e-006	7.5357e-006	7.5357e-006	7.5357e-006	7.53569e-006	7.53569e-006	7.53569e-006	7.53569e-006	7.53569e-006	7.53569e-006	7.53569e-006	7.53569e-006	7.53568e-006	
33	7.74485e-006	7.74485e-006	7.74485e-006	7.74485e-006	7.74485e-006	7.74484e-006	7.74484e-006	7.74484e-006	7.74484e-006	7.74484e-006	7.74484e-006	7.74484e-006	7.74484e-006	7.74483e-006	7.74483e-006	7.74483e-006	7.74483e-006	7.74483e-006	7.74483e-006	7.74483e-006	
34	7.9497e-006	7.9497e-006	7.94969e-006	7.94969e-006	7.94969e-006	7.94969e-006	7.94969e-006	7.94969e-006	7.94969e-006	7.94969e-006	7.94968e-006	7.94968e-006	7.94968e-006	7.94968e-006	7.94968e-006	7.94968e-006	7.94968e-006	7.94968e-006	7.94967e-006	7.94967e-006	
35	8.11429e-006	8.11429e-006	8.11429e-006	8.11429e-006	8.11429e-006	8.11429e-006	8.11428e-006	8.11428e-006	8.11428e-006	8.11428e-006	8.11428e-006	8.11428e-006	8.11428e-006	8.11428e-006	8.11428e-006	8.11427e-006	8.11427e-006	8.11427e-006	8.11427e-006	8.11427e-006	
36	8.30968e-006	8.30968e-006	8.30968e-006	8.30968e-006	8.30968e-006	8.30968e-006	8.30967e-006	8.30967e-006	8.30967e-006	8.30967e-006	8.30967e-006	8.30967e-006	8.30967e-006	8.30967e-006	8.30966e-006	8.30966e-006	8.30966e-006	8.30966e-006	8.30966e-006	8.30966e-006	
37	8.5017e-006	8.5017e-006	8.50169e-006	8.50169e-006	8.50169e-006	8.50169e-006	8.50169e-006	8.50169e-006	8.50169e-006	8.50169e-006	8.50169e-006	8.50168e-006	8.50168e-006	8.50168e-006	8.50168e-006	8.50168e-006	8.50168e-006	8.50168e-006	8.50168e-006	8.50167e-006	
38	8.69029e-006	8.69029e-006	8.69029e-006	8.69029e-006	8.69029e-006	8.69029e-006	8.69029e-006	8.69028e-006	8.69028e-006	8.69028e-006	8.69028e-006	8.69028e-006	8.69028e-006	8.69028e-006	8.69028e-006	8.69028e-006	8.69027e-006	8.69027e-006	8.69027e-006	8.69027e-006	
39	8.87542e-006	8.87542e-006	8.87542e-006	8.87542e-006	8.87542e-006	8.87542e-006	8.87542e-006	8.87541e-006	8.87541e-006	8.87541e-006	8.87541e-006	8.87541e-006	8.87541e-006	8.87541e-006	8.87541e-006	8.87541e-006	8.8754e-006	8.8754e-006	8.8754e-006	8.8754e-006	
40	9.05705e-006	9.05705e-006	9.05705e-006	9.05704e-006	9.05704e-006	9.05704e-006	9.05704e-006	9.05704e-006	9.05704e-006	9.05704e-006	9.05704e-006	9.05704e-006	9.05703e-006	9.05703e-006	9.05703e-006	9.05703e-006	9.05703e-006	9.05703e-006	9.05703e-006	9.05703e-006	
41	9.23513e-006	9.23513e-006	9.23513e-006	9.23513e-006	9.23513e-006	9.23513e-006	9.23513e-006	9.23512e-006	9.23512e-006	9.23512e-006	9.23512e-006	9.23512e-006	9.23512e-006	9.23512e-006	9.23512e-006	9.23512e-006	9.23511e-006	9.23511e-006	9.23511e-006	9.23511e-006	
42	9.40964e-006	9.40964e-006	9.40964e-006	9.40964e-006	9.40964e-006	9.40964e-006	9.40964e-006	9.40964e-006	9.40964e-006	9.40963e-006	9.40963e-006	9.40963e-006	9.40963e-006	9.40963e-006	9.40963e-006	9.40963e-006	9.40963e-006	9.40963e-006	9.40962e-006	9.40962e-006	
43	9.58056e-006	9.58055e-006	9.58055e-006	9.58055e-006	9.58055e-006	9.58055e-006	9.58055e-006	9.58055e-006	9.58055e-006	9.58055e-006	9.58055e-006	9.58054e-006	9.58054e-006	9.58054e-006	9.58054e-006	9.58054e-006	9.58054e-006	9.58054e-006	9.58054e-006	9.58054e-006	
44	9.74784e-006	9.74784e-006	9.74784e-006	9.74784e-006	9.74784e-006	9.74784e-006	9.74784e-006	9.74784e-006	9.74784e-006	9.74783e-006	9.74783e-006	9.74783e-006	9.74783e-006	9.74783e-006	9.74783e-006	9.74783e-006	9.74783e-006	9.74783e-006	9.74783e-006	9.74782e-006	
45	9.856e-006	9.856e-006	9.856e-006	9.856e-006	9.856e-006	9.856e-006	9.856e-006	9.856e-006	9.856e-006	9.856e-006	9.856e-006	9.856e-006	9.856e-006	9.856e-006	9.856e-006	9.856e-006	9.856e-006	9.856e-006	9.856e-006	9.856e-006	
46	9.88808e-006	9.88808e-006	9.88808e-006	9.88808e-006	9.88808e-006	9.88808e-006	9.88808e-006	9.88808e-006	9.88808e-006	9.88808e-006	9.88808e-006	9.88808e-006	9.88808e-006	9.88808e-006	9.88808e-006	9.88808e-006	9.88808e-006	9.88808e-006	9.88808e-006	9.88808e-006	
47	9.91428e-006	9.91428e-006	9.91428e-006	9.91428e-006	9.91428e-006	9.91428e-006	9.91428e-006	9.91428e-006	9.91428e-006	9.91428e-006	9.91428e-006	9.91428e-006	9.91428e-006	9.91428e-006	9.91428e-006	9.91428e-006	9.91428e-006	9.91428e-006	9.91428e-006	9.91428e-006	
48	9.93513e-006	9.93513e-006	9.93513e-006	9.93513e-006	9.93513e-006	9.93513e-006	9.93513e-006	9.93513e-006	9.93513e-006	9.93513e-006	9.93513e-006	9.93513e-006	9.93513e-006	9.93513e-006	9.93513e-006	9.93513e-006	9.93513e-006	9.93513e-006	9.93513e-006	9.93513e-006	
49	9.95121e-006	9.95121e-006	9.95121e-006	9.95121e-006	9.95121e-006	9.95121e-006	9.95121e-006	9.95121e-006	9.95121e-006	9.95121e-006	9.95121e-006	9.95121e-006	9.95121e-006	9.95121e-006	9.95121e-006	9.95121e-006	9.95121e-006	9.95121e-006	9.95121e-006	9.95121e-006	
50	9.9632e-006	9.9632e-006	9.9632e-006	9.9632e-006	9.9632e-006	9.9632e-006	9.9632e-006	9.9632e-006	9.9632e-006	9.9632e-006	9.9632e-006	9.9632e-006	9.9632e-006	9.9632e-006	9.9632e-006	9.9632e-006	9.9632e-006	9.9632e-006	9.9632e-006	9.9632e-006	
51	9.97183e-006	9.97183e-006	9.97183e-006	9.97183e-006	9.97183e-006	9.97183e-006	9.97183e-006	9.97183e-006	9.97183e-006	9.97183e-006	9.97183e-006	9.97183e-006	9.97183e-006	9.97183e-006	9.97183e-006	9.97183e-006	9.97183e-006	9.97183e-006	9.97183e-006	9.97183e-006	
52	9.97788e-006	9.97788e-006	9.97788e-006	9.97788e-006	9.97788e-006	9.97788e-006	9.97788e-006	9.97788e-006	9.97788e-006	9.97788e-006	9.97788e-006	9.97788e-006	9.97788e-006	9.97788e-006	9.97788e-006	9.97788e-006	9.97788e-006	9.97788e-006	9.97788e-006	9.97788e-006	
53	9.98221e-006	9.98221e-006	9.98221e-006	9.98221e-006	9.98221e-006	9.98221e-006	9.98221e-006	9.98221e-006	9.98221e-006	9.98221e-006	9.98221e-006	9.98221e-006	9.98221e-006	9.98221e-006	9.98221e-006	9.98221e-006	9.98221e-006	9.98221e-006	9.98221e-006	9.98221e-006	
54	9.98572e-006	9.98572e-006	9.98572e-006	9.98572e-006	9.98572e-006	9.98572e-006	9.98572e-006	9.98572e-006	9.98572e-006	9.98572e-006	9.98572e-006	9.98572e-006	9.98572e-006	9.98572e-006	9.98572e-006	9.98572e-006	9.98572e-006	9.98572e-006	9.98572e-006	9.98572e-006	
55	9.84219e-006	9.84219e-006	9.84219e-006	9.84219e-006	9.84219e-006	9.84219e-006	9.84219e-006	9.84219e-006	9.84219e-006	9.84219e-006	9.84219e-006	9.84219e-006	9.84219e-006	9.84219e-006	9.84219e-006	9.84219e-006	9.84219e-006	9.84219e-006	9.84219e-006	9.84219e-006	
56	1.02755e-005	1.02755e-005	1.02755e-005	1.02755e-005	1.02755e-005	1.02755e-005	1.02755e-005	1.02755e-005	1.02755e-005	1.02755e-005	1.02755e-005	1.02755e-005	1.02755e-005	1.02755e-005	1.02755e-005	1.02755e-005	1.02755e-005	1.02755e-005	1.02755e-005	1.02755e-005	
57	1.06523e-005	1.06523e-005	1.06523e-005	1.06523e-005	1.06523e-005	1.06523e-005	1.06523e-005	1.06523e-005	1.06523e-005	1.06523e-005	1.06523e-005	1.06523e-005	1.06523e-005	1.06523e-005	1.06523e-005	1.06523e-005	1.06523e-005	1.06523e-005	1.06523e-005	1.06523e-005	
58	1.0938e-005	1.0938e-005	1.0938e-005	1.0938e-005	1.0938e-005	1.0938e-005	1.0938e-005	1.0938e-005	1.0938e-005	1.0938e-005	1.0938e-005	1.09379e-005	1.09379e-005	1.09379e-005	1.09379e-005	1.09379e-005	1.09379e-005	1.09379e-005	1.09379e-005	1.09379e-005	
59	1.11768e-005	1.11768e-005	1.11768e-005	1.11768e-005	1.11768e-005	1.11768e-005	1.11768e-005	1.11768e-005	1.11768e-005	1.11768e-005	1.11768e-005	1.11768e-005	1.11768e-005	1.11767e-005	1.11767e-005	1.11767e-005	1.11767e-005	1.11767e-005	1.11767e-005	1.11767e-005	
60	1.13852e-005	1.13852e-005	1.13852e-005	1.13852e-005	1.13852e-005	1.13852e-005	1.13852e-005	1.13852e-005	1.13852e-005	1.13852e-005	1.13852e-005	1.13852e-005	1.13852e-005	1.13852e-005	1.13852e-005	1.13852e-005	1.13852e-005	1.13852e-005	1.13852e-005	1.13852e-005	
61	1.15714e-005	1.15714e-005	1.15714e-005	1.15714e-005	1.15713e-005	1.15713e-005	1.15713e-005	1.15713e-005	1.15713e-005	1.15713e-005	1.15713e-005	1.15713e-005	1.15713e-005	1.15713e-005	1.15713e-005	1.15713e-005	1.15713e-005	1.15713e-005	1.15713e-005	1.15713e-005	
62	1.17399e-005	1.17399e-005	1.17399e-005	1.17399e-005	1.17399e-005	1.17399e-005	1.17399e-005	1.17399e-005	1.17399e-005	1.17399e-005	1.17399e-005	1.17399e-005	1.17399e-005	1.17399e-005	1.17399e-005	1.17399e-005	1.17399e-005	1.17399e-005	1.17399e-005	1.17399e-005	
63	1.18936e-005	1.18936e-005	1.18936e-005	1.18936e-005	1.18936e-005	1.18936e-005	1.18936e-005	1.18936e-005	1.18936e-005	1.18936e-005	1.18936e-005	1.18936e-005	1.18936e-005	1.18936e-005	1.18936e-005	1.18936e-005	1.18936e-005	1.18936e-005	1.18936e-005	1.18936e-005	
64	1.20346e-005	1.20346e-005	1.20346e-005	1.20346e-005	1.20346e-005	1.20346e-005	1.20346e-005	1.20346e-005	1.20346e-005	1.20346e-005	1.20346e-005	1.20346e-005	1.20346e-005	1.20346e-005	1.20346e-005	1.20346e-005	1.20346e-005	1.20346e-005	1.20346e-005	1.20346e-005	
65	1.2164e-005	1.2164e-005	1.2164e-005	1.2164e-005	1.2164e-005	1.2164e-005	1.2164e-005	1.2164e-005	1.2164e-005	1.2164e-005	1.2164e-005	1.2164e-005	1.2164e-005	1.2164e-005	1.2164e-005	1.2164e-005	1.2164e-005	1.2164e-005	1.2164e-005	1.2164e-005	
66	1.22829e-005	1.22829e-005	1.22829e-005	1.22829e-005	1.22829e-005	1.22829e-005	1.22829e-005	1.22829e-005	1.22829e-005	1.22829e-005	1.22829e-005	1.22829e-005	1.22829e-005	1.22829e-005	1.22829e-005	1.22829e-005	1.22829e-005	1.22829e-005	1.22829e-005	1.22829e-005	
67	1.23918e-005	1.23918e-005	1.23918e-005	1.23918e-005	1.23918e-005	1.23918e-005	1.23918e-005	1.23918e-005	1.23918e-005	1.23918e-005	1.23918e-005	1.23918e-005	1.23918e-005	1.23918e-005	1.23918e-005	1.23918e-005	1.23918e-005	1.23918e-005	1.23918e-005	1.23918e-005	
68	1.24912e-005	1.24912e-005	1.24912e-005	1.24911e-005	1.24911e-005	1.24911e-005	1.24911e-005	1.24911e-005	1.24911e-005	1.24911e-005	1.24911e-005	1.24911e-005	1.24911e-005	1.24911e-005	1.24911e-005	1.24911e-005	1.24911e-005	1.24911e-005	1.24911e-005	1.24911e-005	
69	1.25813e-005	1.25813e-005	1.25813e-005	1.25813e-005	1.25813e-005	1.25813e-005	1.25813e-005	1.25813e-005	1.25813e-005	1.25813e-005	1.25813e-005	1.25813e-005	1.25813e-005	1.25813e-005	1.25813e-005	1.25813e-005	1.25813e-005	1.25813e-005	1.25813e-005	1.25813e-005	
70	1.26623e-005	1.26623e-005	1.26623e-005	1.26623e-005	1.26623e-005	1.26623e-005	1.26623e-005	1.26623e-005	1.26623e-005	1.26623e-005	1.26623e-005	1.26623e-005	1.26623e-005	1.26623e-005	1.26623e-005	1.26623e-005	1.26623e-005	1.26623e-005	1.26623e-005	1.26623e-005	
71	1.27342e-005	1.27342e-005	1.27342e-005	1.27342e-005	1.27342e-005	1.27342e-005	1.27342e-005	1.27342e-005	1.27342e-005	1.27342e-005	1.27342e-005	1.27342e-005	1.27342e-005	1.27342e-005	1.27342e-005	1.27342e-005	1.27342e-005	1.27342e-005	1.27342e-005	1.27342e-005	
72	1.2797e-005	1.2797e-005	1.2797e-005	1.2797e-005	1.2797e-005	1.2797e-005	1.2797e-005	1.2797e-005	1.2797e-005	1.2797e-005	1.2797e-005	1.2797e-005	1.2797e-005	1.2797e-005	1.2797e-005	1.2797e-005	1.2797e-005	1.2797e-005	1.2797e-005	1.2797e-005	
73	1.28505e-005	1.28505e-005	1.28505e-005	1.28505e-005	1.28505e-005	1.28505e-005	1.28505e-005	1.28505e-005	1.28505e-005	1.28505e-005	1.28505e-005	1.28505e-005	1.28505e-005	1.28505e-005	1.28505e-005	1.28505e-005	1.28505e-005	1.28505e-005	1.28505e-005	1.28505e-005	
74	1.28945e-005	1.28945e-005	1.28945e-005	1.28945e-005	1.28945e-005	1.28945e-005	1.28945e-005	1.28945e-005	1.28944e-005	1.28944e-005	1.28944e-005	1.28944e-005	1.28944e-005	1.28944e-005	1.28944e-005	1.28944e-005	1.28944e-005	1.28944e-005	1.28944e-005	1.28944e-005	
75	1.29284e-005	1.29284e-005	1.29284e-005	1.29284e-005	1.29284e-005	1.29284e-005	1.29284e-005	1.29284e-005	1.29284e-005	1.29284e-005	1.29284e-005	1.29284e-005	1.29284e-005	1.29284e-005	1.29284e-005	1.29284e-005	1.29284e-005	1.29284e-005	1.29284e-005	1.29284e-005	
76	1.2952e-005	1.2952e-005	1.2952e-005	1.2952e-005	1.2952e-005	1.2952e-005	1.2952e-005	1.2952e-005	1.2952e-005	1.2952e-005	1.2952e-005	1.2952e-005	1.2952e-005	1.2952e-005	1.2952e-005	1.2952e-005	1.2952e-005	1.2952e-005	1.2952e-005	1.2952e-005	
77	1.29645e-005	1.29645e-005	1.29645e-005	1.29645e-005	1.29645e-005	1.29645e-005	1.29645e-005	1.29645e-005	1.29645e-005	1.29645e-005	1.29645e-005	1.29645e-005	1.29645e-005	1.29645e-005	1.29645e-005	1.29645e-005	1.29645e-005	1.29645e-005	1.29645e-005	1.29645e-005	
78	1.2965e-005	1.2965e-005	1.2965e-005	1.2965e-005	1.2965e-005	1.2965e-005	1.2965e-005	1.2965e-005	1.2965e-005	1.2965e-005	1.2965e-005	1.2965e-005	1.2965e-005	1.2965e-005	1.2965e-005	1.2965e-005	1.2965e-005	1.2965e-005	1.2965e-005	1.2965e-005	
79	1.29525e-005	1.29525e-005	1.29525e-005	1.29525e-005	1.29525e-005	1.29525e-005	1.29525e-005	1.29525e-005	1.29525e-005	1.29525e-005	1.29525e-005	1.29525e-005	1.29525e-005	1.29525e-005	1.29525e-005	1.29525e-005	1.29525e-005	1.29525e-005	1.29525e-005	1.29525e-005	
80	1.29252e-005	1.29252e-005	1.29252e-005	1.29252e-005	1.29252e-005	1.29252e-005	1.29252e-005	1.29252e-005	1.29252e-005	1.29252e-005	1.29252e-005	1.29252e-005	1.29252e-005	1.29252e-005	1.29252e-005	1.29252e-005	1.29252e-005	1.29252e-005	1.29252e-005	1.29252e-005	
81	1.28809e-005	1.28809e-005	1.28809e-005	1.28809e-005	1.28809e-005	1.28809e-005	1.28809e-005	1.28809e-005	1.28809e-005	1.28809e-005	1.28809e-005	1.28809e-005	1.28809e-005	1.28809e-005	1.28809e-005	1.28809e-005	1.28809e-005	1.28809e-005	1.28809e-005	1.28809e-005	
82	1.28159e-005	1.28159e-005	1.28159e-005	1.28159e-005	1.28159e-005	1.28159e-005	1.28159e-005	1.28159e-005	1.28159e-005	1.28159e-005	1.28159e-005	1.28159e-005	1.28159e-005	1.28159e-005	1.28159e-005	1.28159e-005	1.28159e-005	1.28159e-005	1.28159e-005	1.2816e-005	
83	1.27242e-005	1.27242e-005	1.27242e-005	1.27242e-005	1.27242e-005	1.27242e-005	1.27242e-005	1.27242e-005	1.27242e-005	1.27242e-005	1.27242e-005	1.27242e-005	1.27242e-005	1.27242e-005	1.27242e-005	1.27242e-005	1.27242e-005	1.27242e-005	1.27242e-005	1.27242e-005	
84	1.25938e-005	1.25938e-005	1.25938e-005	1.25938e-005	1.25938e-005	1.25938e-005	1.25938e-005	1.25938e-005	1.25938e-005	1.25938e-005	1.25938e-005	1.25938e-005	1.25939e-005	1.25939e-005	1.25939e-005	1.25939e-005	1.25939e-005	1.25939e-005	1.25939e-005	1.25939e-005	
85	1.2397e-005	1.2397e-005	1.2397e-005	1.2397e-005	1.2397e-005	1.2397e-005	1.2397e-005	1.2397e-005	1.2397e-005	1.2397e-005	1.2397e-005	1.2397e-005	1.2397e-005	1.2397e-005	1.2397e-005	1.2397e-005	1.2397e-005	1.2397e-005	1.2397e-005	1.2397e-005	
86	1.19855e-005	1.19855e-005	1.19855e-005	1.19855e-005	1.19855e-005	1.19855e-005	1.19855e-005	1.19855e-005	1.19855e-005	1.19855e-005	1.19855e-005	1.19855e-005	1.19855e-005	1.19855e-005	1.19855e-005	1.19856e-005	1.19856e-005	1.19856e-005	1.19856e-005	1.19856e-005	
87	1.23141e-005	1.23141e-005	1.23141e-005	1.23141e-005	1.23141e-005	1.23141e-005	1.23141e-005	1.2314e-005	1.2314e-005	1.2314e-005	1.2314e-005	1.2314e-005	1.2314e-005	1.2314e-005	1.2314e-005	1.2314e-005	1.2314e-005	1.2314e-005	1.2314e-005	1.2314e-005	
88	1.24244e-005	1.24244e-005	1.24244e-005	1.24244e-005	1.24244e-005	1.24244e-005	1.24244e-005	1.24244e-005	1.24244e-005	1.24244e-005	1.24244e-005	1.24244e-005	1.24244e-005	1.24244e-005	1.24244e-005	1.24244e-005	1.24244e-005	1.24244e-005	1.24244e-005	1.24244e-005	
89	1.25103e-005	1.25103e-005	1.25103e-005	1.25103e-005	1.25103e-005	1.25103e-005	1.25103e-005	1.25103e-005	1.25103e-005	1.25103e-005	1.25103e-005	1.25103e-005	1.25103e-005	1.25103e-005	1.25103e-005	1.25103e-005	1.25103e-005	1.25103e-005	1.25103e-005	1.25103e-005	
90	1.25885e-005	1.25885e-005	1.25885e-005	1.25885e-005	1.25885e-005	1.25885e-005	1.25885e-005	1.25885e-005	1.25885e-005	1.25885e-005	1.25885e-005	1.25885e-005	1.25885e-005	1.25885e-005	1.25885e-005	1.25885e-005	1.25885e-005	1.25885e-005	1.25885e-005	1.25885e-005	
91	1.26584e-005	1.26584e-005	1.26584e-005	1.26584e-005	1.26584e-005	1.26584e-005	1.26584e-005	1.26584e-005	1.26584e-005	1.26584e-005	1.26584e-005	1.26584e-005	1.26584e-005	1.26584e-005	1.26584e-005	1.26584e-005	1.26584e-005	1.26584e-005	1.26584e-005	1.26584e-005	
92	1.27192e-005	1.27192e-005	1.27192e-005	1.27192e-005	1.27192e-005	1.27192e-005	1.27192e-005	1.27192e-005	1.27192e-005	1.27192e-005	1.27192e-005	1.27192e-005	1.27192e-005	1.27192e-005	1.27192e-005	1.27192e-005	1.27192e-005	1.27192e-005	1.27192e-005	1.27192e-005	
93	1.27705e-005	1.27705e-005	1.27705e-005	1.27705e-005	1.27705e-005	1.27705e-005	1.27705e-005	1.27705e-005	1.27705e-005	1.27705e-005	1.27705e-005	1.27705e-005	1.27705e-005	1.27705e-005	1.27705e-005	1.27705e-005	1.27705e-005	1.27705e-005	1.27705e-005	1.27705e-005	
94	1.28118e-005	1.28118e-005	1.28118e-005	1.28118e-005	1.28118e-005	1.28118e-005	1.28118e-005	1.28118e-005	1.28118e-005	1.28118e-005	1.28118e-005	1.28118e-005	1.28118e-005	1.28118e-005	1.28118e-005	1.28118e-005	1.28118e-005	1.28118e-005	1.28118e-005	1.28118e-005	
95	1.28427e-005	1.28427e-005	1.28427e-005	1.28427e-005	1.28427e-005	1.28427e-005	1.28427e-005	1.28427e-005	1.28427e-005	1.28427e-005	1.28427e-005	1.28427e-005	1.28427e-005	1.28427e-005	1.28427e-005	1.28427e-005	1.28427e-005	1.28427e-005	1.28427e-005	1.28427e-005	
96	1.28629e-005	1.28629e-005	1.28629e-005	1.28629e-005	1.28629e-005	1.28629e-005	1.28629e-005	1.28629e-005	1.28629e-005	1.28629e-005	1.28629e-005	1.28629e-005	1.28629e-005	1.28629e-005	1.28629e-005	1.28629e-005	1.28629e-005	1.28629e-005	1.28629e-005	1.28629e-005	
97	1.28721e-005	1.28721e-005	1.28721e-005	1.28721e-005	1.28721e-005	1.28721e-005	1.28721e-005	1.28721e-005	1.28721e-005	1.28721e-005	1.28721e-005	1.28721e-005	1.28721e-005	1.28721e-005	1.28721e-005	1.28721e-005	1.28721e-005	1.28721e-005	1.28721e-005	1.28721e-005	
98	1.28701e-005	1.28701e-005	1.28701e-005	1.28701e-005	1.28701e-005	1.28701e-005	1.28701e-005	1.28701e-005	1.28701e-005	1.28701e-005	1.28701e-005	1.28701e-005	1.28701e-005	1.28701e-005	1.28701e-005	1.28701e-005	1.28701e-005	1.28701e-005	1.28701e-005	1.28701e-005	
99	1.2857e-005	1.2857e-005	1.2857e-005	1.2857e-005	1.2857e-005	1.2857e-005	1.2857e-005	1.2857e-005	1.2857e-005	1.2857e-005	1.2857e-005	1.2857e-005	1.2857e-005	1.2857e-005	1.2857e-005	1.2857e-005	1.2857e-005	1.2857e-005	1.2857e-005	1.2857e-005	
100	1.28327e-005	1.28327e-005	1.28327e-005	1.28327e-005	1.28327e-005	1.28327e-005	1.28327e-005	1.28327e-005	1.28327e-005	1.28327e-005	1.28327e-005	1.28327e-005	1.28327e-005	1.28327e-005	1.28327e-005	1.28327e-005	1.28327e-005	1.28327e-005	1.28327e-005	1.28327e-005	
101	1.27971e-005	1.27971e-005	1.27971e-005	1.27971e-005	1.27972e-005	1.27972e-005	1.27972e-005	1.27972e-005	1.27972e-005	1.27972e-005	1.27972e-005	1.27972e-005	1.27972e-005	1.27972e-005	1.27972e-005	1.27972e-005	1.27972e-005	1.27972e-005	1.27972e-005	1.27972e-005	
102	1.27506e-005	1.27506e-005	1.27506e-005	1.27506e-005	1.27506e-005	1.27506e-005	1.27506e-005	1.27506e-005	1.27506e-005	1.27506e-005	1.27506e-005	1.27506e-005	1.27506e-005	1.27506e-005	1.27506e-005	1.27506e-005	1.27506e-005	1.27506e-005	1.27506e-005	1.27506e-005	
103	1.26933e-005	1.26933e-005	1.26933e-005	1.26933e-005	1.26933e-005	1.26933e-005	1.26933e-005	1.26933e-005	1.26933e-005	1.26933e-005	1.26933e-005	1.26933e-005	1.26933e-005	1.26933e-005	1.26933e-005	1.26933e-005	1.26933e-005	1.26933e-005	1.26933e-005	1.26933e-005	
104	1.26255e-005	1.26255e-005	1.26255e-005	1.26255e-005	1.26255e-005	1.26255e-005	1.26255e-005	1.26255e-005	1.26255e-005	1.26255e-005	1.26255e-005	1.26255e-005	1.26255e-005	1.26255e-005	1.26255e-005	1.26255e-005	1.26255e-005	1.26255e-005	1.26255e-005	1.26255e-005	
105	1.25475e-005	1.25475e-005	1.25475e-005	1.25475e-005	1.25475e-005	1.25475e-005	1.25475e-005	1.25475e-005	1.25475e-005	1.25475e-005	1.25475e-005	1.25475e-005	1.25475e-005	1.25475e-005	1.25475e-005	1.25475e-005	1.25475e-005	1.25475e-005	1.25475e-005	1.25475e-005	
106	1.24598e-005	1.24598e-005	1.24598e-005	1.24598e-005	1.24598e-005	1.24598e-005	1.24598e-005	1.24598e-005	1.24598e-005	1.24598e-005	1.24598e-005	1.24598e-005	1.24598e-005	1.24598e-005	1.24598e-005	1.24598e-005	1.24598e-005	1.24598e-005	1.24598e-005	1.24598e-005	
107	1.23628e-005	1.23628e-005	1.23628e-005	1.23628e-005	1.23628e-005	1.23628e-005	1.23628e-005	1.23628e-005	1.23628e-005	1.23628e-005	1.23628e-005	1.23628e-005	1.23628e-005	1.23628e-005	1.23628e-005	1.23628e-005	1.23628e-005	1.23628e-005	1.23628e-005	1.23628e-005	
108	1.22572e-005	1.22572e-005	1.22572e-005	1.22572e-005	1.22572e-005	1.22572e-005	1.22572e-005	1.22572e-005	1.22572e-005	1.22572e-005	1.22572e-005	1.22572e-005	1.22572e-005	1.22572e-005	1.22572e-005	1.22572e-005	1.22572e-005	1.22572e-005	1.22572e-005	1.22572e-005	
109	1.21437e-005	1.21437e-005	1.21437e-005	1.21437e-005	1.21437e-005	1.21437e-005	1.21437e-005	1.21437e-005	1.21437e-005	1.21437e-005	1.21437e-005	1.21437e-005	1.21437e-005	1.21437e-005	1.21437e-005	1.21437e-005	1.21437e-005	1.21437e-005	1.21437e-005	1.21437e-005	
110	1.20231e-005	1.20231e-005	1.20231e-005	1.20231e-005	1.20231e-005	1.20231e-005	1.20231e-005	1.20231e-005	1.20231e-005	1.20231e-005	1.20231e-005	1.20231e-005	1.20231e-005	1.20231e-005	1.20231e-005	1.20231e-005	1.20231e-005	1.20231e-005	1.20231e-005	1.20231e-005	
111	1.18959e-005	1.18959e-005	1.18959e-005	1.18959e-005	1.18959e-005	1.18959e-005	1.18959e-005	1.18959e-005	1.18959e-005	1.18959e-005	1.18959e-005	1.18959e-005	1.18959e-005	1.18959e-005	1.18959e-005	1.18959e-005	1.18959e-005	1.18959e-005	1.18959e-005	1.18959e-005	
112	1.17629e-005	1.17629e-005	1.17629e-005	1.17629e-005	1.17629e-005	1.17629e-005	1.17629e-005	1.17629e-005	1.17629e-005	1.17629e-005	1.17629e-005	1.17629e-005	1.17629e-005	1.17629e-005	1.17629e-005	1.17629e-005	1.17629e-005	1.17629e-005	1.17629e-005	1.17629e-005	
113	1.1625e-005	1.1625e-005	1.1625e-005	1.1625e-005	1.1625e-005	1.1625e-005	1.1625e-005	1.1625e-005	1.1625e-005	1.1625e-005	1.1625e-005	1.1625e-005	1.1625e-005	1.1625e-005	1.1625e-005	1.1625e-005	1.16251e-005	1.16251e-005	1.16251e-005	1.16251e-005	
114	1.14831e-005	1.14831e-005	1.14831e-005	1.14831e-005	1.14831e-005	1.14831e-005	1.14831e-005	1.14831e-005	1.14831e-005	1.14831e-005	1.14831e-005	1.14831e-005	1.14831e-005	1.14831e-005	1.14831e-005	1.14831e-005	1.14831e-005	1.14831e-005	1.14831e-005	1.14831e-005	
115	1.1338e-005	1.1338e-005	1.1338e-005	1.1338e-005	1.1338e-005	1.1338e-005	1.1338e-005	1.1338e-005	1.1338e-005	1.1338e-005	1.1338e-005	1.1338e-005	1.1338e-005	1.1338e-005	1.1338e-005	1.1338e-005	1.1338e-005	1.1338e-005	1.1338e-005	1.1338e-005	
116	1.11907e-005	1.11907e-005	1.11907e-005	1.11907e-005	1.11907e-005	1.11907e-005	1.11907e-005	1.11907e-005	1.11907e-005	1.11907e-005	1.11907e-005	1.11907e-005	1.11907e-005	1.11908e-005	1.11908e-005	1.11908e-005	1.11908e-005	1.11908e-005	1.11908e-005	1.11908e-005	
117	1.10422e-005	1.10422e-005	1.10422e-005	1.10422e-005	1.10422e-005	1.10422e-005	1.10422e-005	1.10422e-005	1.10422e-005	1.10422e-005	1.10422e-005	1.10422e-005	1.10422e-005	1.10422e-005	1.10422e-005	1.10422e-005	1.10422e-005	1.10422e-005	1.10422e-005	1.10422e-005	
118	1.08933e-005	1.08933e-005	1.08933e-005	1.08933e-005	1.08933e-005	1.08934e-005	1.08934e-005	1.08934e-005	1.08934e-005	1.08934e-005	1.08934e-005	1.08934e-005	1.08934e-005	1.08934e-005	1.08934e-005	1.08934e-005	1.08934e-005	1.08934e-005	1.08934e-005	1.08934e-005	
119	1.08241e-005	1.08241e-005	1.08241e-005	1.08241e-005	1.08241e-005	1.08241e-005	1.08241e-005	1.08241e-005	1.08241e-005	1.08241e-005	1.08241e-005	1.08241e-005	1.0824e-005	1.0824e-005	1.0824e-005	1.0824e-005	1.0824e-005	1.0824e-005	1.0824e-005	1.0824e-005	
120	1.06443e-005	1.06443e-005	1.06443e-005	1.06443e-005	1.06443e-005	1.06443e-005	1.06443e-005	1.06443e-005	1.06443e-005	1.06443e-005	1.06443e-005	1.06443e-005	1.06443e-005	1.06443e-005	1.06443e-005	1.06443e-005	1.06443e-005	1.06443e-005	1.06443e-005	1.06443e-005	
121	1.06381e-005	1.06381e-005	1.06381e-005	1.06381e-005	1.06381e-005	1.06381e-005	1.06381e-005	1.06381e-005	1.06381e-005	1.06381e-005	1.06381e-005	1.06381e-005	1.06381e-005	1.06381e-005	1.06381e-005	1.06381e-005	1.06381e-005	1.06381e-005	1.06381e-005	1.06381e-005	
122	1.05857e-005	1.05857e-005	1.05857e-005	1.05857e-005	1.05857e-005	1.05857e-005	1.05857e-005	1.05857e-005	1.05857e-005	1.05857e-005	1.05857e-005	1.05857e-005	1.05857e-005	1.05857e-005	1.05857e-005	1.05857e-005	1.05857e-005	1.05857e-005	1.05857e-005	1.05857e-005	
123	1.05008e-005	1.05008e-005	1.05008e-005	1.05008e-005	1.05008e-005	1.05008e-005	1.05008e-005	1.05008e-005	1.05008e-005	1.05008e-005	1.05008e-005	1.05008e-005	1.05008e-005	1.05008e-005	1.05008e-005	1.05008e-005	1.05008e-005	1.05008e-005	1.05008e-005	1.05008e-005	
124	1.03885e-005	1.03885e-005	1.03885e-005	1.03885e-005	1.03885e-005	1.03885e-005	1.03885e-005	1.03885e-005	1.03885e-005	1.03885e-005	1.03885e-005	1.03885e-005	1.03885e-005	1.03886e-005	1.03886e-005	1.03886e-005	1.03886e-005	1.03886e-005	1.03886e-005	1.03886e-005	
125	1.02506e-005	1.02506e-005	1.02506e-005	1.02506e-005	1.02506e-005	1.02506e-005	1.02506e-005	1.02506e-005	1.02506e-005	1.02506e-005	1.02506e-005	1.02506e-005	1.02506e-005	1.02507e-005	1.02507e-005	1.02507e-005	1.02507e-005	1.02507e-005	1.02507e-005	1.02507e-005	
126	1.00858e-005	1.00858e-005	1.00858e-005	1.00858e-005	1.00858e-005	1.00858e-005	1.00858e-005	1.00858e-005	1.00858e-005	1.00858e-005	1.00858e-005	1.00858e-005	1.00858e-005	1.00858e-005	1.00858e-005	1.00858e-005	1.00858e-005	1.00858e-005	1.00858e-005	1.00858e-005	
127	9.88906e-006	9.88907e-006	9.88907e-006	9.88907e-006	9.88907e-006	9.88907e-006	9.88907e-006	9.88907e-006	9.88908e-006	9.88908e-006	9.88908e-006	9.88908e-006	9.88908e-006	9.88908e-006	9.88908e-006	9.88908e-006	9.88909e-006	9.88909e-006	9.88909e-006	9.88909e-006	
128	9.648e-006	9.648e-006	9.64801e-006	9.64801e-006	9.64801e-006	9.64801e-006	9.64801e-006	9.64801e-006	9.64802e-006	9.64802e-006	9.64802e-006	9.64802e-006	9.64802e-006	9.64802e-006	9.64803e-006	9.64803e-006	9.64803e-006	9.64803e-006	9.64803e-006	9.64803e-006	
129	9.32417e-006	9.32417e-006	9.32417e-006	9.32418e-006	9.32418e-006	9.32418e-006	9.32418e-006	9.32419e-006	9.32419e-006	9.32419e-006	9.3242e-006	9.3242e-006	9.3242e-006	9.3242e-006	9.32421e-006	9.32421e-006	9.32421e-006	9.32421e-006	9.32422e-006	9.32422e-006	
130	9.07516e-006	9.07516e-006	9.07516e-006	9.07516e-006	9.07516e-006	9.07516e-006	9.07516e-006	9.07516e-006	9.07516e-006	9.07516e-006	9.07516e-006	9.07516e-006	9.07516e-006	9.07516e-006	9.07516e-006	9.07516e-006	9.07516e-006	9.07516e-006	9.07517e-006	9.07517e-006	
131	9.26156e-006	9.26156e-006	9.26156e-006	9.26156e-006	9.26156e-006	9.26156e-006	9.26157e-006	9.26157e-006	9.26157e-006	9.26157e-006	9.26157e-006	9.26157e-006	9.26157e-006	9.26157e-006	9.26157e-006	9.26157e-006	9.26157e-006	9.26157e-006	9.26157e-006	9.26157e-006	
132	9.17452e-006	9.17452e-006	9.17452e-006	9.17452e-006	9.17452e-006	9.17452e-006	9.17453e-006	9.17453e-006	9.17453e-006	9.17453e-006	9.17453e-006	9.17453e-006	9.17453e-006	9.17453e-006	9.17453e-006	9.17453e-006	9.17453e-006	9.17453e-006	9.17453e-006	9.17453e-006	
133	9.09327e-006	9.09327e-006	9.09327e-006	9.09327e-006	9.09327e-006	9.09327e-006	9.09327e-006	9.09327e-006	9.09327e-006	9.09327e-006	9.09327e-006	9.09327e-006	9.09327e-006	9.09327e-006	9.09327e-006	9.09327e-006	9.09327e-006	9.09327e-006	9.09327e-006	9.09327e-006	
134	9.01743e-006	9.01743e-006	9.01743e-006	9.01743e-006	9.01743e-006	9.01743e-006	9.01743e-006	9.01743e-006	9.01743e-006	9.01743e-006	9.01743e-006	9.01743e-006	9.01743e-006	9.01743e-006	9.01743e-006	9.01743e-006	9.01743e-006	9.01743e-006	9.01743e-006	9.01743e-006	
135	8.94653e-006	8.94653e-006	8.94653e-006	8.94653e-006	8.94653e-006	8.94653e-006	8.94653e-006	8.94653e-006	8.94653e-006	8.94653e-006	8.94653e-006	8.94653e-006	8.94653e-006	8.94653e-006	8.94653e-006	8.94653e-006	8.94653e-006	8.94653e-006	8.94653e-006	8.94653e-006	
136	8.87998e-006	8.87998e-006	8.87998e-006	8.87998e-006	8.87998e-006	8.87998e-006	8.87998e-006	8.87998e-006	8.87998e-006	8.87998e-006	8.87998e-006	8.87998e-006	8.87998e-006	8.87998e-006	8.87998e-006	8.87998e-006	8.87998e-006	8.87998e-006	8.87999e-006	8.87999e-006	
137	8.81713e-006	8.81713e-006	8.81713e-006	8.81713e-006	8.81713e-006	8.81713e-006	8.81713e-006	8.81713e-006	8.81713e-006	8.81713e-006	8.81713e-006	8.81713e-006	8.81713e-006	8.81713e-006	8.81713e-006	8.81713e-006	8.81713e-006	8.81713e-006	8.81713e-006	8.81713e-006	
138	8.75725e-006	8.75725e-006	8.75725e-006	8.75725e-006	8.75725e-006	8.75725e-006	8.75725e-006	8.75725e-006	8.75725e-006	8.75725e-006	8.75725e-006	8.75725e-006	8.75725e-006	8.75725e-006	8.75726e-006	8.75726e-006	8.75726e-006	8.75726e-006	8.75726e-006	8.75726e-006	
139	8.69959e-006	8.69959e-006	8.69959e-006	8.6996e-006	8.6996e-006	8.6996e-006	8.6996e-006	8.6996e-006	8.6996e-006	8.6996e-006	8.6996e-006	8.6996e-006	8.6996e-006	8.6996e-006	8.6996e-006	8.6996e-006	8.6996e-006	8.6996e-006	8.6996e-006	8.6996e-006	
140	8.64337e-006	8.64337e-006	8.64337e-006	8.64337e-006	8.64337e-006	8.64337e-006	8.64337e-006	8.64337e-006	8.64337e-006	8.64337e-006	8.64337e-006	8.64337e-006	8.64337e-006	8.64337e-006	8.64337e-006	8.64337e-006	8.64337e-006	8.64337e-006	8.64337e-006	8.64337e-006	
141	8.58776e-006	8.58776e-006	8.58776e-006	8.58776e-006	8.58776e-006	8.58776e-006	8.58776e-006	8.58777e-006	8.58777e-006	8.58777e-006	8.58777e-006	8.58777e-006	8.58777e-006	8.58777e-006	8.58777e-006	8.58777e-006	8.58777e-006	8.58777e-006	8.58777e-006	8.58777e-006	
142	8.53198e-006	8.53198e-006	8.53198e-006	8.53198e-006	8.53198e-006	8.53198e-006	8.53198e-006	8.53198e-006	8.53198e-006	8.53198e-006	8.53198e-006	8.53198e-006	8.53198e-006	8.53198e-006	8.53198e-006	8.53198e-006	8.53198e-006	8.53198e-006	8.53198e-006	8.53198e-006	
143	8.47523e-006	8.47523e-006	8.47523e-006	8.47523e-006	8.47523e-006	8.47523e-006	8.47523e-006	8.47523e-006	8.47523e-006	8.47523e-006	8.47523e-006	8.47523e-006	8.47523e-006	8.47523e-006	8.47523e-006	8.47523e-006	8.47523e-006	8.47523e-006	8.47523e-006	8.47523e-006	
144	8.38636e-006	8.38636e-006	8.38636e-006	8.38636e-006	8.38636e-006	8.38637e-006	8.38637e-006	8.38637e-006	8.38637e-006	8.38637e-006	8.38637e-006	8.38637e-006	8.38637e-006	8.38638e-006	8.38638e-006	8.38638e-006	8.38638e-006	8.38638e-006	8.38638e-006	8.38638e-006	
145	8.19487e-006	8.19487e-006	8.19487e-006	8.19487e-006	8.19487e-006	8.19487e-006	8.19488e-006	8.19488e-006	8.19488e-006	8.19488e-006	8.19488e-006	8.19488e-006	8.19488e-006	8.19488e-006	8.19488e-006	8.19489e-006	8.19489e-006	8.19489e-006	8.19489e-006	8.19489e-006	
146	8.035e-006	8.035e-006	8.035e-006	8.035e-006	8.035e-006	8.03501e-006	8.03501e-006	8.03501e-006	8.03501e-006	8.03501e-006	8.03501e-006	8.03501e-006	8.03501e-006	8.03502e-006	8.03502e-006	8.03502e-006	8.03502e-006	8.03502e-006	8.03502e-006	8.03502e-006	
147	7.83437e-006	7.83437e-006	7.83437e-006	7.83437e-006	7.83437e-006	7.83437e-006	7.83437e-006	7.83437e-006	7.83438e-006	7.83438e-006	7.83438e-006	7.83438e-006	7.83438e-006	7.83438e-006	7.83438e-006	7.83438e-006	7.83439e-006	7.83439e-006	7.83439e-006	7.83439e-006	
148	7.62933e-006	7.62934e-006	7.62934e-006	7.62934e-006	7.62934e-006	7.62934e-006	7.62934e-006	7.62934e-006	7.62934e-006	7.62935e-006	7.62935e-006	7.62935e-006	7.62935e-006	7.62935e-006	7.62935e-006	7.62935e-006	7.62935e-006	7.62936e-006	7.62936e-006	7.62936e-006	
149	7.4199e-006	7.4199e-006	7.4199e-006	7.4199e-006	7.4199e-006	7.4199e-006	7.4199e-006	7.4199e-006	7.41991e-006	7.41991e-006	7.41991e-006	7.41991e-006	7.41991e-006	7.41991e-006	7.41991e-006	7.41991e-006	7.41992e-006	7.41992e-006	7.41992e-006	7.41992e-006	
150	7.20603e-006	7.20603e-006	7.20603e-006	7.20604e-006	7.20604e-006	7.20604e-006	7.20604e-006	7.20604e-006	7.20604e-006	7.20604e-006	7.20604e-006	7.20605e-006	7.20605e-006	7.20605e-006	7.20605e-006	7.20605e-006	7.20605e-006	7.20605e-006	7.20606e-006	7.20606e-006	
151	6.98772e-006	6.98772e-006	6.98772e-006	6.98773e-006	6.98773e-006	6.98773e-006	6.98773e-006	6.98773e-006	6.98773e-006	6.98773e-006	6.98773e-006	6.98774e-006	6.98774e-006	6.98774e-006	6.98774e-006	6.98774e-006	6.98774e-006	6.98774e-006	6.98775e-006	6.98775e-006	
152	6.76494e-006	6.76494e-006	6.76494e-006	6.76494e-006	6.76495e-006	6.76495e-006	6.76495e-006	6.76495e-006	6.76495e-006	6.76495e-006	6.76495e-006	6.76496e-006	6.76496e-006	6.76496e-006	6.76496e-006	6.76496e-006	6.76496e-006	6.76496e-006	6.76497e-006	6.76497e-006	
153	6.5392e-006	6.5392e-006	6.5392e-006	6.5392e-006	6.53921e-006	6.53921e-006	6.53921e-006	6.53921e-006	6.53921e-006	6.53921e-006	6.53921e-006	6.53922e-006	6.53922e-006	6.53922e-006	6.53922e-006	6.53922e-006	6.53922e-006	6.53922e-006	6.53923e-006	6.53923e-006	
154	6.30949e-006	6.3095e-006	6.3095e-006	6.3095e-006	6.3095e-006	6.3095e-006	6.3095e-006	6.3095e-006	6.30951e-006	6.30951e-006	6.30951e-006	6.30951e-006	6.30951e-006	6.30951e-006	6.30951e-006	6.30952e-006	6.30952e-006	6.30952e-006	6.30952e-006	6.30952e-006	
155	6.07515e-006	6.07516e-006	6.07516e-006	6.07516e-006	6.07516e-006	6.07516e-006	6.07516e-006	6.07516e-006	6.07517e-006	6.07517e-006	6.07517e-006	6.07517e-006	6.07517e-006	6.07517e-006	6.07517e-006	6.07518e-006	6.07518e-006	6.07518e-006	6.07518e-006	6.07518e-006	
156	5.8361e-006	5.83611e-006	5.83611e-006	5.83611e-006	5.83611e-006	5.83611e-006	5.83611e-006	5.83611e-006	5.83612e-006	5.83612e-006	5.83612e-006	5.83612e-006	5.83612e-006	5.83612e-006	5.83612e-006	5.83613e-006	5.83613e-006	5.83613e-006	5.83613e-006	5.83613e-006	
157	5.59224e-006	5.59225e-006	5.59225e-006	5.59225e-006	5.59225e-006	5.59225e-006	5.59225e-006	5.59225e-006	5.59226e-006	5.59226e-006	5.59226e-006	5.59226e-006	5.59226e-006	5.59226e-006	5.59227e-006	5.59227e-006	5.59227e-006	5.59227e-006	5.59227e-006	5.59227e-006	
158	5.34344e-006	5.34344e-006	5.34344e-006	5.34344e-006	5.34345e-006	5.34345e-006	5.34345e-006	5.34345e-006	5.34345e-006	5.34345e-006	5.34345e-006	5.34346e-006	5.34346e-006	5.34346e-006	5.34346e-006	5.34346e-006	5.34346e-006	5.34347e-006	5.34347e-006	5.34347e-006	
159	5.08951e-006	5.08951e-006	5.08951e-006	5.08952e-006	5.08952e-006	5.08952e-006	5.08952e-006	5.08952e-006	5.08952e-006	5.08953e-006	5.08953e-006	5.08953e-006	5.08953e-006	5.08953e-006	5.08953e-006	5.08953e-006	5.08954e-006	5.08954e-006	5.08954e-006	5.08954e-006	
160	4.83022e-006	4.83022e-006	4.83022e-006	4.83023e-006	4.83023e-006	4.83023e-006	4.83023e-006	4.83023e-006	4.83023e-006	4.83023e-006	4.83024e-006	4.83024e-006	4.83024e-006	4.83024e-006	4.83024e-006	4.83024e-006	4.83025e-006	4.83025e-006	4.83025e-006	4.83025e-006	
161	4.56524e-006	4.56525e-006	4.56525e-006	4.56525e-006	4.56525e-006	4.56525e-006	4.56525e-006	4.56526e-006	4.56526e-006	4.56526e-006	4.56526e-006	4.56526e-006	4.56526e-006	4.56527e-006	4.56527e-006	4.56527e-006	4.56527e-006	4.56527e-006	4.56527e-006	4.56528e-006	
162	4.29415e-006	4.29415e-006	4.29415e-006	4.29415e-006	4.29415e-006	4.29415e-006	4.29416e-006	4.29416e-006	4.29416e-006	4.29416e-006	4.29416e-006	4.29416e-006	4.29417e-006	4.29417e-006	4.29417e-006	4.29417e-006	4.29417e-006	4.29417e-006	4.29418e-006	4.29418e-006	
163	4.01632e-006	4.01632e-006	4.01633e-006	4.01633e-006	4.01633e-006	4.01633e-006	4.01633e-006	4.01633e-006	4.01634e-006	4.01634e-006	4.01634e-006	4.01634e-006	4.01634e-006	4.01634e-006	4.01635e-006	4.01635e-006	4.01635e-006	4.01635e-006	4.01635e-006	4.01636e-006	
164	3.73093e-006	3.73094e-006	3.73094e-006	3.73094e-006	3.73094e-006	3.73094e-006	3.73095e-006	3.73095e-006	3.73095e-006	3.73095e-006	3.73095e-006	3.73095e-006	3.73096e-006	3.73096e-006	3.73096e-006	3.73096e-006	3.73096e-006	3.73096e-006	3.73097e-006	3.73097e-006	
165	3.43679e-006	3.43679e-006	3.43679e-006	3.43679e-006	3.4368e-006	3.4368e-006	3.4368e-006	3.4368e-006	3.4368e-006	3.43681e-006	3.43681e-006	3.43681e-006	3.43681e-006	3.43681e-006	3.43681e-006	3.43682e-006	3.43682e-006	3.43682e-006	3.43682e-006	3.43682e-006	
166	3.13214e-006	3.13214e-006	3.13214e-006	3.13215e-006	3.13215e-006	3.13215e-006	3.13215e-006	3.13215e-006	3.13216e-006	3.13216e-006	3.13216e-006	3.13216e-006	3.13216e-006	3.13217e-006	3.13217e-006	3.13217e-006	3.13217e-006	3.13217e-006	3.13218e-006	3.13218e-006	
167	2.81434e-006	2.81434e-006	2.81434e-006	2.81435e-006	2.81435e-006	2.81435e-006	2.81435e-006	2.81435e-006	2.81436e-006	2.81436e-006	2.81436e-006	2.81436e-006	2.81436e-006	2.81437e-006	2.81437e-006	2.81437e-006	2.81437e-006	2.81437e-006	2.81437e-006	2.81438e-006	
168	2.47914e-006	2.47914e-006	2.47914e-006	2.47914e-006	2.47915e-006	2.47915e-006	2.47915e-006	2.47915e-006	2.47916e-006	2.47916e-006	2.47916e-006	2.47916e-006	2.47916e-006	2.47917e-006	2.47917e-006	2.47917e-006	2.47917e-006	2.47917e-006	2.47918e-006	2.47918e-006	
169	2.11918e-006	2.11918e-006	2.11918e-006	2.11918e-006	2.11919e-006	2.11919e-006	2.11919e-006	2.11919e-006	2.11919e-006	2.1192e-006	2.1192e-006	2.1192e-006	2.1192e-006	2.11921e-006	2.11921e-006	2.11921e-006	2.11921e-006	2.11922e-006	2.11922e-006	2.11922e-006	
170	1.71997e-006	1.71997e-006	1.71997e-006	1.71997e-006	1.71998e-006	1.71998e-006	1.71998e-006	1.71998e-006	1.71999e-006	1.71999e-006	1.71999e-006	1.71999e-006	1.72e-006	1.72e-006	1.72e-006	1.72e-006	1.72001e-006	1.72001e-006	1.72001e-006	1.72002e-006	
171	1.24554e-006	1.24554e-006	1.24555e-006	1.24555e-006	1.24555e-006	1.24556e-006	1.24556e-006	1.24556e-006	1.24557e-006	1.24557e-006	1.24557e-006	1.24558e-006	1.24558e-006	1.24558e-006	1.24559e-006	1.24559e-006	1.24559e-006	1.2456e-006	1.2456e-006	1.2456e-006	
172	5.22486e-007	5.22493e-007	5.225e-007	5.22507e-007	5.22514e-007	5.22521e-007	5.22528e-007	5.22536e-007	5.22543e-007	5.2255e-007	5.22557e-007	5.22564e-007	5.22571e-007	5.22578e-007	5.22585e-007	5.22592e-007	5.226e-007	5.22607e-007	5.22614e-007	5.22621e-007	
173	0	0	0	0	0	0	0	0	0	0	0	0	0	0	0	0	0	0	0	0	
174	6.66982e-007	6.66989e-007	6.66997e-007	6.67004e-007	6.67011e-007	6.67018e-007	6.67026e-007	6.67033e-007	6.6704e-007	6.67047e-007	6.67055e-007	6.67062e-007	6.67069e-007	6.67076e-007	6.67084e-007	6.67091e-007	6.67098e-007	6.67105e-007	6.67113e-007	6.6712e-007	
175	0	0	0	0	0	0	0	0	0	0	0	0	0	0	0	0	0	0	0	0	
176	0	0	0	0	0	0	0	0	0	0	0	0	0	0	0	0	0	0	0	0	
177	0	0	0	0	0	0	0	0	0	0	0	0	0	0	0	0	0	0	0	0	
178	0	0	0	0	0	0	0	0	0	0	0	0	0	0	0	0	0	0	0	0	
179	0	0	0	0	0	0	0	0	0	0	0	0	0	0	0	0	0	0	0	0	
