MicroEMSIM SPAf Data: 
num_rev 	21
num_theta 	180
PloughingZone Area: theta Ap1 Ap2 .. 
0	2.22778e-006	2.22858e-006	2.22784e-006	2.22708e-006	2.22732e-006	2.22789e-006	2.22792e-006	2.22756e-006	2.22742e-006	2.22761e-006	2.22777e-006	2.22769e-006	2.22756e-006	2.22757e-006	2.22766e-006	2.22768e-006	2.22763e-006	2.2276e-006	2.22762e-006	2.22765e-006	
1	2.21594e-006	2.21649e-006	2.21568e-006	2.21506e-006	2.21539e-006	2.2159e-006	2.21585e-006	2.2155e-006	2.21542e-006	2.21562e-006	2.21574e-006	2.21565e-006	2.21554e-006	2.21557e-006	2.21565e-006	2.21565e-006	2.2156e-006	2.21558e-006	2.21561e-006	2.21563e-006	
2	2.59968e-006	2.60018e-006	2.59944e-006	2.59887e-006	2.59918e-006	2.59965e-006	2.5996e-006	2.59928e-006	2.59921e-006	2.5994e-006	2.59951e-006	2.59942e-006	2.59932e-006	2.59935e-006	2.59942e-006	2.59943e-006	2.59939e-006	2.59937e-006	2.59939e-006	2.59941e-006	
3	1.2588e-006	1.25884e-006	1.25933e-006	1.25947e-006	1.2592e-006	1.25902e-006	1.25915e-006	1.25931e-006	1.25928e-006	1.25918e-006	1.25916e-006	1.25923e-006	1.25927e-006	1.25924e-006	1.25921e-006	1.25923e-006	1.25926e-006	1.25926e-006	1.25925e-006	1.25925e-006	
4	8.63636e-007	8.63689e-007	8.6388e-007	8.6391e-007	8.63796e-007	8.63742e-007	8.63801e-007	8.63858e-007	8.63839e-007	8.63798e-007	8.63799e-007	8.63829e-007	8.6384e-007	8.63826e-007	8.63817e-007	8.63825e-007	8.63836e-007	8.63836e-007	8.63831e-007	8.63831e-007	
5	6.64895e-007	6.64946e-007	6.65054e-007	6.65056e-007	6.64988e-007	6.64965e-007	6.65004e-007	6.65033e-007	6.65018e-007	6.64995e-007	6.64999e-007	6.65016e-007	6.65021e-007	6.65012e-007	6.65008e-007	6.65013e-007	6.65019e-007	6.65019e-007	6.65016e-007	6.65017e-007	
6	5.36961e-007	5.37009e-007	5.37076e-007	5.37067e-007	5.37021e-007	5.37013e-007	5.37041e-007	5.37057e-007	5.37044e-007	5.37031e-007	5.37036e-007	5.37047e-007	5.37048e-007	5.37042e-007	5.3704e-007	5.37044e-007	5.37048e-007	5.37047e-007	5.37045e-007	5.37046e-007	
7	4.45376e-007	4.4542e-007	4.45464e-007	4.4545e-007	4.45418e-007	4.45417e-007	4.45438e-007	4.45446e-007	4.45436e-007	4.45427e-007	4.45432e-007	4.4544e-007	4.4544e-007	4.45436e-007	4.45435e-007	4.45438e-007	4.4544e-007	4.4544e-007	4.45438e-007	4.45439e-007	
8	3.75551e-007	3.7559e-007	3.75618e-007	3.75603e-007	3.75579e-007	3.75583e-007	3.75599e-007	3.75603e-007	3.75594e-007	3.75589e-007	3.75594e-007	3.75599e-007	3.75598e-007	3.75595e-007	3.75595e-007	3.75598e-007	3.75599e-007	3.75598e-007	3.75598e-007	3.75599e-007	
9	3.19916e-007	3.19951e-007	3.1997e-007	3.19953e-007	3.19936e-007	3.19942e-007	3.19956e-007	3.19957e-007	3.19949e-007	3.19946e-007	3.1995e-007	3.19954e-007	3.19953e-007	3.1995e-007	3.19951e-007	3.19953e-007	3.19954e-007	3.19953e-007	3.19953e-007	3.19953e-007	
10	2.74045e-007	2.74076e-007	2.74087e-007	2.74071e-007	2.74058e-007	2.74066e-007	2.74076e-007	2.74075e-007	2.74068e-007	2.74067e-007	2.74072e-007	2.74074e-007	2.74072e-007	2.7407e-007	2.74071e-007	2.74073e-007	2.74074e-007	2.74073e-007	2.74073e-007	2.74074e-007	
11	2.35169e-007	2.35197e-007	2.35202e-007	2.35186e-007	2.35178e-007	2.35186e-007	2.35194e-007	2.35192e-007	2.35186e-007	2.35186e-007	2.3519e-007	2.35192e-007	2.3519e-007	2.35188e-007	2.35189e-007	2.35191e-007	2.35191e-007	2.3519e-007	2.3519e-007	2.35191e-007	
12	2.59605e-007	2.59612e-007	2.59612e-007	2.59608e-007	2.59606e-007	2.59609e-007	2.59611e-007	2.5961e-007	2.59608e-007	2.59609e-007	2.5961e-007	2.5961e-007	2.59609e-007	2.59609e-007	2.59609e-007	2.5961e-007	2.5961e-007	2.5961e-007	2.5961e-007	2.5961e-007	
13	2.51066e-007	2.51073e-007	2.51072e-007	2.51067e-007	2.51067e-007	2.51069e-007	2.51071e-007	2.5107e-007	2.51068e-007	2.51069e-007	2.5107e-007	2.5107e-007	2.51069e-007	2.51069e-007	2.51069e-007	2.5107e-007	2.5107e-007	2.5107e-007	2.5107e-007	2.5107e-007	
14	2.43133e-007	2.43139e-007	2.43137e-007	2.43133e-007	2.43133e-007	2.43136e-007	2.43137e-007	2.43135e-007	2.43134e-007	2.43135e-007	2.43136e-007	2.43136e-007	2.43135e-007	2.43135e-007	2.43136e-007	2.43136e-007	2.43136e-007	2.43136e-007	2.43136e-007	2.43136e-007	
15	2.35752e-007	2.35757e-007	2.35755e-007	2.35751e-007	2.35751e-007	2.35754e-007	2.35755e-007	2.35753e-007	2.35752e-007	2.35753e-007	2.35754e-007	2.35754e-007	2.35753e-007	2.35753e-007	2.35754e-007	2.35754e-007	2.35754e-007	2.35753e-007	2.35754e-007	2.35754e-007	
16	2.32321e-007	2.32328e-007	2.32332e-007	2.32329e-007	2.32325e-007	2.32326e-007	2.32329e-007	2.32329e-007	2.32328e-007	2.32327e-007	2.32328e-007	2.32328e-007	2.32328e-007	2.32328e-007	2.32328e-007	2.32328e-007	2.32328e-007	2.32328e-007	2.32328e-007	2.32328e-007	
17	5.69392e-007	5.70277e-007	5.70397e-007	5.69852e-007	5.69593e-007	5.69863e-007	5.70115e-007	5.70015e-007	5.69814e-007	5.6981e-007	5.69936e-007	5.69975e-007	5.69901e-007	5.69847e-007	5.69874e-007	5.69914e-007	5.69904e-007	5.69871e-007	5.69862e-007	5.69877e-007	
18	1.1088e-006	1.10966e-006	1.10969e-006	1.10912e-006	1.10892e-006	1.10922e-006	1.10945e-006	1.10932e-006	1.10913e-006	1.10914e-006	1.10927e-006	1.1093e-006	1.10922e-006	1.10917e-006	1.1092e-006	1.10924e-006	1.10923e-006	1.10919e-006	1.10919e-006	1.1092e-006	
19	1.65667e-006	1.65749e-006	1.65742e-006	1.65685e-006	1.65671e-006	1.65704e-006	1.65723e-006	1.65707e-006	1.65689e-006	1.65693e-006	1.65706e-006	1.65707e-006	1.65699e-006	1.65695e-006	1.65698e-006	1.65702e-006	1.657e-006	1.65697e-006	1.65696e-006	1.65698e-006	
20	2.20868e-006	2.20944e-006	2.20928e-006	2.20873e-006	2.20865e-006	2.20898e-006	2.20913e-006	2.20896e-006	2.2088e-006	2.20886e-006	2.20898e-006	2.20897e-006	2.20889e-006	2.20886e-006	2.2089e-006	2.20893e-006	2.20891e-006	2.20888e-006	2.20888e-006	2.20889e-006	
21	1.60648e-006	1.60567e-006	1.60598e-006	1.60661e-006	1.60662e-006	1.60621e-006	1.60608e-006	1.60631e-006	1.60648e-006	1.60639e-006	1.60625e-006	1.60628e-006	1.60638e-006	1.6064e-006	1.60634e-006	1.60632e-006	1.60635e-006	1.60638e-006	1.60638e-006	1.60636e-006	
22	1.20785e-006	1.20758e-006	1.20774e-006	1.20797e-006	1.20794e-006	1.20778e-006	1.20776e-006	1.20785e-006	1.2079e-006	1.20786e-006	1.20781e-006	1.20783e-006	1.20787e-006	1.20787e-006	1.20785e-006	1.20784e-006	1.20785e-006	1.20787e-006	1.20786e-006	1.20786e-006	
23	1.01514e-006	1.01502e-006	1.01513e-006	1.01525e-006	1.01521e-006	1.01512e-006	1.01512e-006	1.01518e-006	1.0152e-006	1.01517e-006	1.01515e-006	1.01516e-006	1.01518e-006	1.01518e-006	1.01517e-006	1.01517e-006	1.01518e-006	1.01518e-006	1.01518e-006	1.01518e-006	
24	8.95671e-007	8.95619e-007	8.95712e-007	8.95777e-007	8.95738e-007	8.95683e-007	8.95692e-007	8.95731e-007	8.95739e-007	8.95717e-007	8.95705e-007	8.95717e-007	8.95729e-007	8.95726e-007	8.95718e-007	8.95718e-007	8.95724e-007	8.95727e-007	8.95724e-007	8.95723e-007	
25	8.14058e-007	8.14044e-007	8.14121e-007	8.14155e-007	8.14117e-007	8.14082e-007	8.14097e-007	8.14125e-007	8.14125e-007	8.14107e-007	8.14102e-007	8.14112e-007	8.1412e-007	8.14116e-007	8.1411e-007	8.14112e-007	8.14116e-007	8.14117e-007	8.14115e-007	8.14114e-007	
26	7.55332e-007	7.55343e-007	7.55407e-007	7.55421e-007	7.55384e-007	7.55364e-007	7.55382e-007	7.55401e-007	7.55396e-007	7.55382e-007	7.55381e-007	7.55391e-007	7.55395e-007	7.5539e-007	7.55387e-007	7.55389e-007	7.55392e-007	7.55392e-007	7.55391e-007	7.5539e-007	
27	7.11837e-007	7.11865e-007	7.11919e-007	7.11918e-007	7.11883e-007	7.11872e-007	7.11892e-007	7.11906e-007	7.11898e-007	7.11886e-007	7.11888e-007	7.11897e-007	7.11899e-007	7.11894e-007	7.11892e-007	7.11894e-007	7.11897e-007	7.11896e-007	7.11895e-007	7.11895e-007	
28	6.79196e-007	6.79238e-007	6.79283e-007	6.79271e-007	6.79238e-007	6.79235e-007	6.79256e-007	6.79265e-007	6.79254e-007	6.79245e-007	6.7925e-007	6.79257e-007	6.79257e-007	6.79252e-007	6.79251e-007	6.79254e-007	6.79256e-007	6.79255e-007	6.79254e-007	6.79254e-007	
29	6.54723e-007	6.54775e-007	6.54813e-007	6.54792e-007	6.5476e-007	6.54764e-007	6.54786e-007	6.54791e-007	6.54778e-007	6.54771e-007	6.54777e-007	6.54784e-007	6.54782e-007	6.54778e-007	6.54777e-007	6.54781e-007	6.54782e-007	6.5478e-007	6.54779e-007	6.5478e-007	
30	6.36662e-007	6.36722e-007	6.36753e-007	6.36724e-007	6.36694e-007	6.36704e-007	6.36727e-007	6.36728e-007	6.36713e-007	6.36708e-007	6.36716e-007	6.36722e-007	6.36719e-007	6.36714e-007	6.36715e-007	6.36718e-007	6.36719e-007	6.36717e-007	6.36716e-007	6.36717e-007	
31	6.23796e-007	6.23862e-007	6.23886e-007	6.23851e-007	6.23823e-007	6.23838e-007	6.23861e-007	6.23859e-007	6.23843e-007	6.2384e-007	6.23849e-007	6.23854e-007	6.2385e-007	6.23845e-007	6.23847e-007	6.2385e-007	6.2385e-007	6.23848e-007	6.23848e-007	6.23849e-007	
32	6.1522e-007	6.15292e-007	6.15309e-007	6.15267e-007	6.15243e-007	6.15262e-007	6.15284e-007	6.15279e-007	6.15263e-007	6.15261e-007	6.15271e-007	6.15276e-007	6.15271e-007	6.15266e-007	6.15268e-007	6.15272e-007	6.15272e-007	6.15269e-007	6.15269e-007	6.1527e-007	
33	6.102e-007	6.10276e-007	6.10286e-007	6.10239e-007	6.10218e-007	6.10241e-007	6.10263e-007	6.10255e-007	6.10238e-007	6.10238e-007	6.10249e-007	6.10253e-007	6.10246e-007	6.10242e-007	6.10245e-007	6.10249e-007	6.10248e-007	6.10245e-007	6.10245e-007	6.10247e-007	
34	6.08073e-007	6.08152e-007	6.08154e-007	6.08104e-007	6.08086e-007	6.08113e-007	6.08134e-007	6.08123e-007	6.08106e-007	6.08107e-007	6.08119e-007	6.08122e-007	6.08115e-007	6.08111e-007	6.08114e-007	6.08118e-007	6.08117e-007	6.08114e-007	6.08114e-007	6.08116e-007	
35	6.08179e-007	6.08258e-007	6.08253e-007	6.082e-007	6.08186e-007	6.08216e-007	6.08235e-007	6.08222e-007	6.08205e-007	6.08208e-007	6.08221e-007	6.08222e-007	6.08215e-007	6.08211e-007	6.08215e-007	6.08219e-007	6.08217e-007	6.08214e-007	6.08214e-007	6.08216e-007	
36	6.09806e-007	6.09884e-007	6.09871e-007	6.09816e-007	6.09806e-007	6.09839e-007	6.09856e-007	6.0984e-007	6.09824e-007	6.09829e-007	6.09842e-007	6.09842e-007	6.09834e-007	6.09831e-007	6.09835e-007	6.09839e-007	6.09837e-007	6.09834e-007	6.09834e-007	6.09836e-007	
37	6.12159e-007	6.12233e-007	6.12212e-007	6.12157e-007	6.12153e-007	6.12188e-007	6.12202e-007	6.12183e-007	6.12168e-007	6.12176e-007	6.12188e-007	6.12187e-007	6.12179e-007	6.12177e-007	6.12181e-007	6.12184e-007	6.12182e-007	6.12179e-007	6.1218e-007	6.12182e-007	
38	6.14354e-007	6.14422e-007	6.14393e-007	6.1434e-007	6.14341e-007	6.14377e-007	6.14387e-007	6.14367e-007	6.14354e-007	6.14363e-007	6.14374e-007	6.14372e-007	6.14364e-007	6.14363e-007	6.14368e-007	6.1437e-007	6.14368e-007	6.14365e-007	6.14366e-007	6.14368e-007	
39	6.1544e-007	6.15497e-007	6.15462e-007	6.15412e-007	6.1542e-007	6.15455e-007	6.15461e-007	6.1544e-007	6.15429e-007	6.15439e-007	6.1545e-007	6.15446e-007	6.15439e-007	6.15438e-007	6.15443e-007	6.15445e-007	6.15442e-007	6.1544e-007	6.15441e-007	6.15443e-007	
40	6.14445e-007	6.1449e-007	6.14448e-007	6.14405e-007	6.14419e-007	6.14451e-007	6.14453e-007	6.14432e-007	6.14424e-007	6.14435e-007	6.14444e-007	6.1444e-007	6.14433e-007	6.14433e-007	6.14438e-007	6.14439e-007	6.14436e-007	6.14435e-007	6.14436e-007	6.14438e-007	
41	6.10492e-007	6.10522e-007	6.10477e-007	6.10442e-007	6.1046e-007	6.10489e-007	6.10487e-007	6.10467e-007	6.10462e-007	6.10474e-007	6.10481e-007	6.10475e-007	6.10469e-007	6.10471e-007	6.10475e-007	6.10476e-007	6.10473e-007	6.10472e-007	6.10473e-007	6.10475e-007	
42	6.02939e-007	6.02955e-007	6.02907e-007	6.02881e-007	6.02905e-007	6.02929e-007	6.02921e-007	6.02903e-007	6.02902e-007	6.02914e-007	6.02918e-007	6.02912e-007	6.02908e-007	6.0291e-007	6.02914e-007	6.02914e-007	6.02911e-007	6.02911e-007	6.02912e-007	6.02913e-007	
43	5.91433e-007	5.91432e-007	5.91385e-007	5.9137e-007	5.91396e-007	5.91415e-007	5.91404e-007	5.91388e-007	5.91391e-007	5.91402e-007	5.91404e-007	5.91397e-007	5.91394e-007	5.91397e-007	5.91401e-007	5.914e-007	5.91397e-007	5.91397e-007	5.91399e-007	5.914e-007	
44	5.75985e-007	5.7597e-007	5.75926e-007	5.75921e-007	5.75949e-007	5.75961e-007	5.75947e-007	5.75934e-007	5.7594e-007	5.7595e-007	5.7595e-007	5.75943e-007	5.75941e-007	5.75945e-007	5.75948e-007	5.75946e-007	5.75944e-007	5.75945e-007	5.75946e-007	5.75946e-007	
45	5.56966e-007	5.56939e-007	5.569e-007	5.56905e-007	5.56932e-007	5.56938e-007	5.56922e-007	5.56913e-007	5.56921e-007	5.5693e-007	5.56927e-007	5.56921e-007	5.56921e-007	5.56925e-007	5.56927e-007	5.56925e-007	5.56923e-007	5.56924e-007	5.56926e-007	5.56926e-007	
46	5.35032e-007	5.34996e-007	5.34963e-007	5.34976e-007	5.35002e-007	5.35002e-007	5.34986e-007	5.3498e-007	5.3499e-007	5.34996e-007	5.34993e-007	5.34987e-007	5.34988e-007	5.34992e-007	5.34993e-007	5.34991e-007	5.3499e-007	5.34991e-007	5.34992e-007	5.34992e-007	
47	5.11003e-007	5.10962e-007	5.10936e-007	5.10955e-007	5.10978e-007	5.10973e-007	5.10957e-007	5.10955e-007	5.10965e-007	5.1097e-007	5.10965e-007	5.1096e-007	5.10962e-007	5.10966e-007	5.10966e-007	5.10964e-007	5.10963e-007	5.10965e-007	5.10966e-007	5.10966e-007	
48	4.8574e-007	4.85695e-007	4.85676e-007	4.857e-007	4.8572e-007	4.85711e-007	4.85695e-007	4.85696e-007	4.85707e-007	4.8571e-007	4.85704e-007	4.85701e-007	4.85703e-007	4.85707e-007	4.85707e-007	4.85704e-007	4.85704e-007	4.85706e-007	4.85707e-007	4.85706e-007	
49	4.60039e-007	4.59994e-007	4.59982e-007	4.60008e-007	4.60025e-007	4.60013e-007	4.59999e-007	4.60002e-007	4.60012e-007	4.60014e-007	4.60008e-007	4.60005e-007	4.60008e-007	4.60011e-007	4.6001e-007	4.60008e-007	4.60008e-007	4.6001e-007	4.60011e-007	4.6001e-007	
50	4.34568e-007	4.34524e-007	4.34518e-007	4.34545e-007	4.34558e-007	4.34545e-007	4.34532e-007	4.34537e-007	4.34547e-007	4.34547e-007	4.34541e-007	4.34539e-007	4.34543e-007	4.34545e-007	4.34544e-007	4.34542e-007	4.34542e-007	4.34544e-007	4.34544e-007	4.34544e-007	
51	4.0966e-007	4.09619e-007	4.09619e-007	4.09645e-007	4.09654e-007	4.0964e-007	4.0963e-007	4.09636e-007	4.09645e-007	4.09644e-007	4.09638e-007	4.09637e-007	4.09641e-007	4.09643e-007	4.09641e-007	4.09639e-007	4.0964e-007	4.09642e-007	4.09642e-007	4.09641e-007	
52	3.85868e-007	3.85832e-007	3.85836e-007	3.85861e-007	3.85867e-007	3.85852e-007	3.85844e-007	3.85851e-007	3.85859e-007	3.85857e-007	3.85852e-007	3.85851e-007	3.85855e-007	3.85857e-007	3.85855e-007	3.85853e-007	3.85854e-007	3.85856e-007	3.85856e-007	3.85855e-007	
53	3.63424e-007	3.63391e-007	3.63399e-007	3.63423e-007	3.63426e-007	3.63411e-007	3.63405e-007	3.63413e-007	3.63419e-007	3.63417e-007	3.63412e-007	3.63412e-007	3.63415e-007	3.63417e-007	3.63415e-007	3.63414e-007	3.63415e-007	3.63416e-007	3.63416e-007	3.63415e-007	
54	4.04698e-007	4.04695e-007	4.047e-007	4.04704e-007	4.04702e-007	4.04699e-007	4.04699e-007	4.04701e-007	4.04702e-007	4.04701e-007	4.047e-007	4.04701e-007	4.04701e-007	4.04701e-007	4.04701e-007	4.04701e-007	4.04701e-007	4.04701e-007	4.04701e-007	4.04701e-007	
55	3.99474e-007	3.99471e-007	3.99477e-007	3.9948e-007	3.99478e-007	3.99475e-007	3.99475e-007	3.99478e-007	3.99478e-007	3.99477e-007	3.99476e-007	3.99477e-007	3.99477e-007	3.99477e-007	3.99477e-007	3.99477e-007	3.99477e-007	3.99477e-007	3.99477e-007	3.99477e-007	
56	3.9458e-007	3.94579e-007	3.94584e-007	3.94586e-007	3.94584e-007	3.94581e-007	3.94582e-007	3.94584e-007	3.94584e-007	3.94583e-007	3.94583e-007	3.94583e-007	3.94584e-007	3.94584e-007	3.94583e-007	3.94583e-007	3.94584e-007	3.94584e-007	3.94584e-007	3.94583e-007	
57	3.90026e-007	3.90026e-007	3.90031e-007	3.90033e-007	3.9003e-007	3.90028e-007	3.90029e-007	3.90031e-007	3.90031e-007	3.90029e-007	3.90029e-007	3.9003e-007	3.9003e-007	3.9003e-007	3.9003e-007	3.9003e-007	3.9003e-007	3.9003e-007	3.9003e-007	3.9003e-007	
58	3.85811e-007	3.85812e-007	3.85817e-007	3.85817e-007	3.85815e-007	3.85813e-007	3.85815e-007	3.85816e-007	3.85816e-007	3.85815e-007	3.85815e-007	3.85815e-007	3.85816e-007	3.85815e-007	3.85815e-007	3.85815e-007	3.85815e-007	3.85815e-007	3.85815e-007	3.85815e-007	
59	3.81925e-007	3.81927e-007	3.81931e-007	3.81931e-007	3.81929e-007	3.81928e-007	3.81929e-007	3.8193e-007	3.8193e-007	3.81929e-007	3.81929e-007	3.8193e-007	3.8193e-007	3.81929e-007	3.81929e-007	3.8193e-007	3.8193e-007	3.8193e-007	3.8193e-007	3.8193e-007	
60	3.78354e-007	3.78357e-007	3.7836e-007	3.78359e-007	3.78357e-007	3.78357e-007	3.78358e-007	3.78359e-007	3.78358e-007	3.78358e-007	3.78358e-007	3.78358e-007	3.78358e-007	3.78358e-007	3.78358e-007	3.78358e-007	3.78358e-007	3.78358e-007	3.78358e-007	3.78358e-007	
61	3.7508e-007	3.75083e-007	3.75086e-007	3.75084e-007	3.75082e-007	3.75082e-007	3.75084e-007	3.75084e-007	3.75083e-007	3.75083e-007	3.75083e-007	3.75084e-007	3.75084e-007	3.75083e-007	3.75083e-007	3.75084e-007	3.75084e-007	3.75084e-007	3.75084e-007	3.75084e-007	
62	3.72084e-007	3.72088e-007	3.72089e-007	3.72088e-007	3.72086e-007	3.72086e-007	3.72088e-007	3.72088e-007	3.72087e-007	3.72087e-007	3.72087e-007	3.72088e-007	3.72087e-007	3.72087e-007	3.72087e-007	3.72087e-007	3.72087e-007	3.72087e-007	3.72087e-007	3.72087e-007	
63	3.69349e-007	3.69353e-007	3.69354e-007	3.69352e-007	3.69351e-007	3.69352e-007	3.69353e-007	3.69353e-007	3.69352e-007	3.69352e-007	3.69352e-007	3.69352e-007	3.69352e-007	3.69352e-007	3.69352e-007	3.69352e-007	3.69352e-007	3.69352e-007	3.69352e-007	3.69352e-007	
64	3.66861e-007	3.66865e-007	3.66865e-007	3.66862e-007	3.66861e-007	3.66863e-007	3.66864e-007	3.66863e-007	3.66863e-007	3.66863e-007	3.66863e-007	3.66863e-007	3.66863e-007	3.66863e-007	3.66863e-007	3.66863e-007	3.66863e-007	3.66863e-007	3.66863e-007	3.66863e-007	
65	3.64606e-007	3.6461e-007	3.64609e-007	3.64606e-007	3.64606e-007	3.64608e-007	3.64609e-007	3.64608e-007	3.64607e-007	3.64607e-007	3.64608e-007	3.64608e-007	3.64608e-007	3.64607e-007	3.64608e-007	3.64608e-007	3.64608e-007	3.64608e-007	3.64608e-007	3.64608e-007	
66	3.62574e-007	3.62578e-007	3.62577e-007	3.62574e-007	3.62574e-007	3.62576e-007	3.62576e-007	3.62575e-007	3.62575e-007	3.62575e-007	3.62576e-007	3.62576e-007	3.62575e-007	3.62575e-007	3.62575e-007	3.62576e-007	3.62575e-007	3.62575e-007	3.62575e-007	3.62575e-007	
67	3.60757e-007	3.60761e-007	3.60759e-007	3.60756e-007	3.60756e-007	3.60758e-007	3.60759e-007	3.60757e-007	3.60757e-007	3.60757e-007	3.60758e-007	3.60758e-007	3.60757e-007	3.60757e-007	3.60758e-007	3.60758e-007	3.60758e-007	3.60757e-007	3.60758e-007	3.60758e-007	
68	3.59146e-007	3.5915e-007	3.59147e-007	3.59144e-007	3.59144e-007	3.59147e-007	3.59147e-007	3.59146e-007	3.59145e-007	3.59146e-007	3.59146e-007	3.59146e-007	3.59146e-007	3.59146e-007	3.59146e-007	3.59146e-007	3.59146e-007	3.59146e-007	3.59146e-007	3.59146e-007	
69	3.57732e-007	3.57735e-007	3.57732e-007	3.57729e-007	3.5773e-007	3.57733e-007	3.57733e-007	3.57731e-007	3.57731e-007	3.57731e-007	3.57732e-007	3.57732e-007	3.57731e-007	3.57731e-007	3.57732e-007	3.57732e-007	3.57731e-007	3.57731e-007	3.57731e-007	3.57732e-007	
70	3.56504e-007	3.56507e-007	3.56503e-007	3.565e-007	3.56501e-007	3.56504e-007	3.56504e-007	3.56502e-007	3.56502e-007	3.56503e-007	3.56503e-007	3.56503e-007	3.56502e-007	3.56502e-007	3.56503e-007	3.56503e-007	3.56503e-007	3.56502e-007	3.56503e-007	3.56503e-007	
71	3.55446e-007	3.55449e-007	3.55445e-007	3.55442e-007	3.55444e-007	3.55446e-007	3.55446e-007	3.55444e-007	3.55444e-007	3.55445e-007	3.55445e-007	3.55445e-007	3.55444e-007	3.55444e-007	3.55445e-007	3.55445e-007	3.55445e-007	3.55444e-007	3.55445e-007	3.55445e-007	
72	3.54541e-007	3.54543e-007	3.54538e-007	3.54536e-007	3.54538e-007	3.5454e-007	3.5454e-007	3.54538e-007	3.54538e-007	3.54539e-007	3.54539e-007	3.54539e-007	3.54538e-007	3.54538e-007	3.54539e-007	3.54539e-007	3.54539e-007	3.54538e-007	3.54539e-007	3.54539e-007	
73	3.53764e-007	3.53765e-007	3.53761e-007	3.53758e-007	3.53761e-007	3.53763e-007	3.53762e-007	3.5376e-007	3.5376e-007	3.53761e-007	3.53762e-007	3.53761e-007	3.53761e-007	3.53761e-007	3.53761e-007	3.53761e-007	3.53761e-007	3.53761e-007	3.53761e-007	3.53761e-007	
74	3.53088e-007	3.53088e-007	3.53084e-007	3.53082e-007	3.53085e-007	3.53086e-007	3.53085e-007	3.53084e-007	3.53084e-007	3.53085e-007	3.53085e-007	3.53085e-007	3.53084e-007	3.53085e-007	3.53085e-007	3.53085e-007	3.53085e-007	3.53085e-007	3.53085e-007	3.53085e-007	
75	3.52482e-007	3.52482e-007	3.52477e-007	3.52476e-007	3.52479e-007	3.5248e-007	3.52479e-007	3.52478e-007	3.52478e-007	3.52479e-007	3.52479e-007	3.52479e-007	3.52478e-007	3.52479e-007	3.52479e-007	3.52479e-007	3.52479e-007	3.52479e-007	3.52479e-007	3.52479e-007	
76	3.51914e-007	3.51913e-007	3.51909e-007	3.51908e-007	3.5191e-007	3.51912e-007	3.51911e-007	3.51909e-007	3.5191e-007	3.51911e-007	3.51911e-007	3.5191e-007	3.5191e-007	3.5191e-007	3.5191e-007	3.5191e-007	3.5191e-007	3.5191e-007	3.5191e-007	3.5191e-007	
77	3.51351e-007	3.51349e-007	3.51345e-007	3.51345e-007	3.51347e-007	3.51348e-007	3.51347e-007	3.51346e-007	3.51346e-007	3.51347e-007	3.51347e-007	3.51347e-007	3.51346e-007	3.51347e-007	3.51347e-007	3.51347e-007	3.51347e-007	3.51347e-007	3.51347e-007	3.51347e-007	
78	3.50762e-007	3.5076e-007	3.50756e-007	3.50756e-007	3.50759e-007	3.5076e-007	3.50758e-007	3.50757e-007	3.50758e-007	3.50759e-007	3.50759e-007	3.50758e-007	3.50758e-007	3.50758e-007	3.50759e-007	3.50758e-007	3.50758e-007	3.50758e-007	3.50758e-007	3.50758e-007	
79	3.50123e-007	3.5012e-007	3.50117e-007	3.50118e-007	3.5012e-007	3.5012e-007	3.50119e-007	3.50118e-007	3.50119e-007	3.5012e-007	3.50119e-007	3.50119e-007	3.50119e-007	3.50119e-007	3.50119e-007	3.50119e-007	3.50119e-007	3.50119e-007	3.50119e-007	3.50119e-007	
80	3.49414e-007	3.4941e-007	3.49407e-007	3.49409e-007	3.49411e-007	3.49411e-007	3.49409e-007	3.49409e-007	3.4941e-007	3.49411e-007	3.4941e-007	3.4941e-007	3.4941e-007	3.4941e-007	3.4941e-007	3.4941e-007	3.4941e-007	3.4941e-007	3.4941e-007	3.4941e-007	
81	3.48624e-007	3.4862e-007	3.48618e-007	3.4862e-007	3.48622e-007	3.48621e-007	3.4862e-007	3.4862e-007	3.48621e-007	3.48621e-007	3.4862e-007	3.4862e-007	3.4862e-007	3.48621e-007	3.48621e-007	3.4862e-007	3.4862e-007	3.4862e-007	3.4862e-007	3.4862e-007	
82	3.47752e-007	3.47747e-007	3.47746e-007	3.47748e-007	3.4775e-007	3.47749e-007	3.47747e-007	3.47748e-007	3.47749e-007	3.47749e-007	3.47748e-007	3.47748e-007	3.47748e-007	3.47749e-007	3.47748e-007	3.47748e-007	3.47748e-007	3.47748e-007	3.47748e-007	3.47748e-007	
83	3.46804e-007	3.46799e-007	3.46798e-007	3.46801e-007	3.46803e-007	3.46801e-007	3.468e-007	3.468e-007	3.46802e-007	3.46802e-007	3.46801e-007	3.46801e-007	3.46801e-007	3.46801e-007	3.46801e-007	3.46801e-007	3.46801e-007	3.46801e-007	3.46801e-007	3.46801e-007	
84	3.45797e-007	3.45792e-007	3.45792e-007	3.45795e-007	3.45796e-007	3.45794e-007	3.45793e-007	3.45794e-007	3.45795e-007	3.45795e-007	3.45794e-007	3.45794e-007	3.45795e-007	3.45795e-007	3.45795e-007	3.45794e-007	3.45794e-007	3.45795e-007	3.45795e-007	3.45794e-007	
85	3.44728e-007	3.44723e-007	3.44724e-007	3.44727e-007	3.44728e-007	3.44726e-007	3.44725e-007	3.44726e-007	3.44727e-007	3.44726e-007	3.44726e-007	3.44726e-007	3.44726e-007	3.44726e-007	3.44726e-007	3.44726e-007	3.44726e-007	3.44726e-007	3.44726e-007	3.44726e-007	
86	3.43623e-007	3.43619e-007	3.43621e-007	3.43624e-007	3.43624e-007	3.43622e-007	3.43621e-007	3.43622e-007	3.43623e-007	3.43623e-007	3.43622e-007	3.43622e-007	3.43623e-007	3.43623e-007	3.43622e-007	3.43622e-007	3.43622e-007	3.43623e-007	3.43623e-007	3.43622e-007	
87	3.42543e-007	3.42539e-007	3.42541e-007	3.42545e-007	3.42544e-007	3.42542e-007	3.42541e-007	3.42543e-007	3.42543e-007	3.42543e-007	3.42542e-007	3.42542e-007	3.42543e-007	3.42543e-007	3.42542e-007	3.42542e-007	3.42543e-007	3.42543e-007	3.42543e-007	3.42543e-007	
88	3.41517e-007	3.41514e-007	3.41517e-007	3.4152e-007	3.41519e-007	3.41517e-007	3.41517e-007	3.41518e-007	3.41519e-007	3.41518e-007	3.41517e-007	3.41518e-007	3.41518e-007	3.41518e-007	3.41518e-007	3.41518e-007	3.41518e-007	3.41518e-007	3.41518e-007	3.41518e-007	
89	3.40578e-007	3.40575e-007	3.40579e-007	3.40582e-007	3.40581e-007	3.40578e-007	3.40578e-007	3.4058e-007	3.4058e-007	3.40579e-007	3.40579e-007	3.40579e-007	3.4058e-007	3.4058e-007	3.40579e-007	3.40579e-007	3.4058e-007	3.4058e-007	3.4058e-007	3.40579e-007	
90	3.39752e-007	3.3975e-007	3.39754e-007	3.39757e-007	3.39755e-007	3.39753e-007	3.39753e-007	3.39755e-007	3.39755e-007	3.39754e-007	3.39754e-007	3.39754e-007	3.39755e-007	3.39755e-007	3.39754e-007	3.39754e-007	3.39754e-007	3.39755e-007	3.39754e-007	3.39754e-007	
91	3.39063e-007	3.39063e-007	3.39067e-007	3.39069e-007	3.39067e-007	3.39065e-007	3.39065e-007	3.39067e-007	3.39067e-007	3.39066e-007	3.39066e-007	3.39066e-007	3.39067e-007	3.39066e-007	3.39066e-007	3.39066e-007	3.39066e-007	3.39066e-007	3.39066e-007	3.39066e-007	
92	3.38531e-007	3.38531e-007	3.38535e-007	3.38536e-007	3.38534e-007	3.38532e-007	3.38533e-007	3.38535e-007	3.38535e-007	3.38534e-007	3.38533e-007	3.38534e-007	3.38534e-007	3.38534e-007	3.38534e-007	3.38534e-007	3.38534e-007	3.38534e-007	3.38534e-007	3.38534e-007	
93	3.38168e-007	3.38168e-007	3.38173e-007	3.38174e-007	3.38171e-007	3.3817e-007	3.38171e-007	3.38172e-007	3.38172e-007	3.38171e-007	3.38171e-007	3.38171e-007	3.38172e-007	3.38171e-007	3.38171e-007	3.38171e-007	3.38171e-007	3.38171e-007	3.38171e-007	3.38171e-007	
94	3.37984e-007	3.37985e-007	3.3799e-007	3.3799e-007	3.37987e-007	3.37986e-007	3.37988e-007	3.37989e-007	3.37988e-007	3.37987e-007	3.37987e-007	3.37988e-007	3.37988e-007	3.37988e-007	3.37988e-007	3.37988e-007	3.37988e-007	3.37988e-007	3.37988e-007	3.37988e-007	
95	3.37985e-007	3.37987e-007	3.37991e-007	3.37991e-007	3.37988e-007	3.37988e-007	3.37989e-007	3.3799e-007	3.37989e-007	3.37989e-007	3.37989e-007	3.37989e-007	3.37989e-007	3.37989e-007	3.37989e-007	3.37989e-007	3.37989e-007	3.37989e-007	3.37989e-007	3.37989e-007	
96	3.38153e-007	3.38156e-007	3.3816e-007	3.38159e-007	3.38156e-007	3.38156e-007	3.38158e-007	3.38158e-007	3.38157e-007	3.38157e-007	3.38157e-007	3.38158e-007	3.38158e-007	3.38157e-007	3.38157e-007	3.38157e-007	3.38157e-007	3.38157e-007	3.38157e-007	3.38157e-007	
97	3.38447e-007	3.3845e-007	3.38453e-007	3.38452e-007	3.3845e-007	3.3845e-007	3.38451e-007	3.38452e-007	3.38451e-007	3.3845e-007	3.38451e-007	3.38451e-007	3.38451e-007	3.38451e-007	3.38451e-007	3.38451e-007	3.38451e-007	3.38451e-007	3.38451e-007	3.38451e-007	
98	3.38927e-007	3.38931e-007	3.38933e-007	3.38932e-007	3.3893e-007	3.3893e-007	3.38932e-007	3.38932e-007	3.38931e-007	3.3893e-007	3.38931e-007	3.38931e-007	3.38931e-007	3.38931e-007	3.38931e-007	3.38931e-007	3.38931e-007	3.38931e-007	3.38931e-007	3.38931e-007	
99	3.39594e-007	3.39598e-007	3.39599e-007	3.39597e-007	3.39595e-007	3.39596e-007	3.39598e-007	3.39598e-007	3.39597e-007	3.39596e-007	3.39597e-007	3.39597e-007	3.39597e-007	3.39597e-007	3.39597e-007	3.39597e-007	3.39597e-007	3.39597e-007	3.39597e-007	3.39597e-007	
100	3.40446e-007	3.4045e-007	3.40451e-007	3.40449e-007	3.40447e-007	3.40448e-007	3.4045e-007	3.40449e-007	3.40448e-007	3.40448e-007	3.40449e-007	3.40449e-007	3.40449e-007	3.40448e-007	3.40448e-007	3.40449e-007	3.40449e-007	3.40448e-007	3.40448e-007	3.40449e-007	
101	3.41483e-007	3.41488e-007	3.41488e-007	3.41485e-007	3.41484e-007	3.41486e-007	3.41487e-007	3.41486e-007	3.41485e-007	3.41485e-007	3.41486e-007	3.41486e-007	3.41486e-007	3.41486e-007	3.41486e-007	3.41486e-007	3.41486e-007	3.41486e-007	3.41486e-007	3.41486e-007	
102	3.42707e-007	3.42711e-007	3.42711e-007	3.42708e-007	3.42707e-007	3.42709e-007	3.4271e-007	3.42709e-007	3.42708e-007	3.42708e-007	3.42709e-007	3.42709e-007	3.42708e-007	3.42708e-007	3.42708e-007	3.42709e-007	3.42709e-007	3.42708e-007	3.42708e-007	3.42708e-007	
103	3.44115e-007	3.44119e-007	3.44118e-007	3.44115e-007	3.44115e-007	3.44117e-007	3.44118e-007	3.44117e-007	3.44116e-007	3.44116e-007	3.44117e-007	3.44117e-007	3.44116e-007	3.44116e-007	3.44116e-007	3.44117e-007	3.44116e-007	3.44116e-007	3.44116e-007	3.44116e-007	
104	3.45707e-007	3.45711e-007	3.4571e-007	3.45706e-007	3.45706e-007	3.45708e-007	3.45709e-007	3.45708e-007	3.45707e-007	3.45708e-007	3.45708e-007	3.45708e-007	3.45708e-007	3.45708e-007	3.45708e-007	3.45708e-007	3.45708e-007	3.45708e-007	3.45708e-007	3.45708e-007	
105	3.47479e-007	3.47483e-007	3.47481e-007	3.47478e-007	3.47478e-007	3.4748e-007	3.47481e-007	3.47479e-007	3.47479e-007	3.47479e-007	3.4748e-007	3.4748e-007	3.47479e-007	3.47479e-007	3.47479e-007	3.47479e-007	3.47479e-007	3.47479e-007	3.47479e-007	3.47479e-007	
106	3.49425e-007	3.49428e-007	3.49425e-007	3.49422e-007	3.49423e-007	3.49425e-007	3.49425e-007	3.49424e-007	3.49423e-007	3.49424e-007	3.49425e-007	3.49425e-007	3.49424e-007	3.49424e-007	3.49424e-007	3.49424e-007	3.49424e-007	3.49424e-007	3.49424e-007	3.49424e-007	
107	3.51533e-007	3.51536e-007	3.51533e-007	3.5153e-007	3.51531e-007	3.51534e-007	3.51534e-007	3.51532e-007	3.51532e-007	3.51532e-007	3.51533e-007	3.51533e-007	3.51532e-007	3.51532e-007	3.51533e-007	3.51533e-007	3.51532e-007	3.51532e-007	3.51532e-007	3.51532e-007	
108	3.53791e-007	3.53793e-007	3.5379e-007	3.53787e-007	3.53789e-007	3.53791e-007	3.5379e-007	3.53789e-007	3.53789e-007	3.53789e-007	3.5379e-007	3.5379e-007	3.53789e-007	3.53789e-007	3.53789e-007	3.5379e-007	3.53789e-007	3.53789e-007	3.53789e-007	3.53789e-007	
109	3.56178e-007	3.5618e-007	3.56176e-007	3.56174e-007	3.56175e-007	3.56177e-007	3.56177e-007	3.56175e-007	3.56175e-007	3.56176e-007	3.56177e-007	3.56176e-007	3.56176e-007	3.56176e-007	3.56176e-007	3.56176e-007	3.56176e-007	3.56176e-007	3.56176e-007	3.56176e-007	
110	3.58672e-007	3.58672e-007	3.58668e-007	3.58667e-007	3.58669e-007	3.5867e-007	3.5867e-007	3.58668e-007	3.58668e-007	3.58669e-007	3.58669e-007	3.58669e-007	3.58668e-007	3.58669e-007	3.58669e-007	3.58669e-007	3.58669e-007	3.58669e-007	3.58669e-007	3.58669e-007	
111	3.61244e-007	3.61245e-007	3.6124e-007	3.61239e-007	3.61241e-007	3.61243e-007	3.61242e-007	3.6124e-007	3.61241e-007	3.61242e-007	3.61242e-007	3.61241e-007	3.61241e-007	3.61241e-007	3.61241e-007	3.61241e-007	3.61241e-007	3.61241e-007	3.61241e-007	3.61241e-007	
112	3.63868e-007	3.63867e-007	3.63863e-007	3.63862e-007	3.63864e-007	3.63866e-007	3.63864e-007	3.63863e-007	3.63863e-007	3.63864e-007	3.63864e-007	3.63864e-007	3.63863e-007	3.63864e-007	3.63864e-007	3.63864e-007	3.63864e-007	3.63864e-007	3.63864e-007	3.63864e-007	
113	3.66511e-007	3.6651e-007	3.66505e-007	3.66505e-007	3.66508e-007	3.66509e-007	3.66507e-007	3.66506e-007	3.66507e-007	3.66508e-007	3.66508e-007	3.66507e-007	3.66507e-007	3.66507e-007	3.66507e-007	3.66507e-007	3.66507e-007	3.66507e-007	3.66507e-007	3.66507e-007	
114	3.69147e-007	3.69145e-007	3.69141e-007	3.69141e-007	3.69144e-007	3.69144e-007	3.69143e-007	3.69142e-007	3.69142e-007	3.69143e-007	3.69143e-007	3.69142e-007	3.69142e-007	3.69143e-007	3.69143e-007	3.69143e-007	3.69142e-007	3.69143e-007	3.69143e-007	3.69143e-007	
115	3.7175e-007	3.71747e-007	3.71743e-007	3.71744e-007	3.71747e-007	3.71747e-007	3.71745e-007	3.71745e-007	3.71746e-007	3.71746e-007	3.71746e-007	3.71745e-007	3.71745e-007	3.71746e-007	3.71746e-007	3.71746e-007	3.71745e-007	3.71746e-007	3.71746e-007	3.71746e-007	
116	3.74302e-007	3.74298e-007	3.74294e-007	3.74296e-007	3.74298e-007	3.74298e-007	3.74296e-007	3.74296e-007	3.74297e-007	3.74298e-007	3.74297e-007	3.74296e-007	3.74297e-007	3.74297e-007	3.74297e-007	3.74297e-007	3.74297e-007	3.74297e-007	3.74297e-007	3.74297e-007	
117	3.76789e-007	3.76784e-007	3.76781e-007	3.76783e-007	3.76786e-007	3.76785e-007	3.76783e-007	3.76783e-007	3.76784e-007	3.76785e-007	3.76784e-007	3.76784e-007	3.76784e-007	3.76784e-007	3.76784e-007	3.76784e-007	3.76784e-007	3.76784e-007	3.76784e-007	3.76784e-007	
118	3.79209e-007	3.79204e-007	3.79201e-007	3.79204e-007	3.79206e-007	3.79205e-007	3.79203e-007	3.79203e-007	3.79205e-007	3.79205e-007	3.79204e-007	3.79204e-007	3.79204e-007	3.79204e-007	3.79204e-007	3.79204e-007	3.79204e-007	3.79204e-007	3.79204e-007	3.79204e-007	
119	3.81567e-007	3.81561e-007	3.81559e-007	3.81563e-007	3.81565e-007	3.81563e-007	3.81562e-007	3.81562e-007	3.81563e-007	3.81563e-007	3.81563e-007	3.81562e-007	3.81563e-007	3.81563e-007	3.81563e-007	3.81562e-007	3.81562e-007	3.81563e-007	3.81563e-007	3.81563e-007	
120	3.83878e-007	3.83871e-007	3.8387e-007	3.83874e-007	3.83876e-007	3.83874e-007	3.83872e-007	3.83873e-007	3.83874e-007	3.83874e-007	3.83873e-007	3.83873e-007	3.83873e-007	3.83874e-007	3.83874e-007	3.83873e-007	3.83873e-007	3.83874e-007	3.83874e-007	3.83873e-007	
121	3.86162e-007	3.86156e-007	3.86156e-007	3.8616e-007	3.86161e-007	3.86159e-007	3.86158e-007	3.86159e-007	3.8616e-007	3.8616e-007	3.86159e-007	3.86159e-007	3.86159e-007	3.86159e-007	3.86159e-007	3.86159e-007	3.86159e-007	3.86159e-007	3.86159e-007	3.86159e-007	
122	3.8845e-007	3.88444e-007	3.88445e-007	3.88449e-007	3.8845e-007	3.88447e-007	3.88446e-007	3.88447e-007	3.88448e-007	3.88448e-007	3.88447e-007	3.88447e-007	3.88448e-007	3.88448e-007	3.88447e-007	3.88447e-007	3.88447e-007	3.88447e-007	3.88447e-007	3.88447e-007	
123	3.90773e-007	3.90768e-007	3.90769e-007	3.90773e-007	3.90774e-007	3.90771e-007	3.9077e-007	3.90771e-007	3.90772e-007	3.90772e-007	3.90771e-007	3.90771e-007	3.90772e-007	3.90772e-007	3.90771e-007	3.90771e-007	3.90771e-007	3.90771e-007	3.90771e-007	3.90771e-007	
124	3.93167e-007	3.93162e-007	3.93164e-007	3.93168e-007	3.93168e-007	3.93165e-007	3.93164e-007	3.93166e-007	3.93167e-007	3.93166e-007	3.93165e-007	3.93165e-007	3.93166e-007	3.93166e-007	3.93166e-007	3.93166e-007	3.93166e-007	3.93166e-007	3.93166e-007	3.93166e-007	
125	3.95666e-007	3.95662e-007	3.95665e-007	3.95668e-007	3.95668e-007	3.95665e-007	3.95665e-007	3.95666e-007	3.95667e-007	3.95666e-007	3.95665e-007	3.95666e-007	3.95666e-007	3.95666e-007	3.95666e-007	3.95666e-007	3.95666e-007	3.95666e-007	3.95666e-007	3.95666e-007	
126	3.98304e-007	3.98301e-007	3.98305e-007	3.98308e-007	3.98307e-007	3.98304e-007	3.98304e-007	3.98306e-007	3.98306e-007	3.98305e-007	3.98305e-007	3.98305e-007	3.98306e-007	3.98305e-007	3.98305e-007	3.98305e-007	3.98305e-007	3.98305e-007	3.98305e-007	3.98305e-007	
127	4.01113e-007	4.01111e-007	4.01115e-007	4.01118e-007	4.01116e-007	4.01114e-007	4.01114e-007	4.01116e-007	4.01116e-007	4.01115e-007	4.01114e-007	4.01115e-007	4.01115e-007	4.01115e-007	4.01115e-007	4.01115e-007	4.01115e-007	4.01115e-007	4.01115e-007	4.01115e-007	
128	4.04117e-007	4.04116e-007	4.0412e-007	4.04122e-007	4.0412e-007	4.04118e-007	4.04119e-007	4.0412e-007	4.0412e-007	4.04119e-007	4.04119e-007	4.04119e-007	4.0412e-007	4.0412e-007	4.04119e-007	4.04119e-007	4.04119e-007	4.04119e-007	4.04119e-007	4.04119e-007	
129	4.07317e-007	4.07317e-007	4.07322e-007	4.07323e-007	4.07321e-007	4.07319e-007	4.0732e-007	4.07321e-007	4.07321e-007	4.0732e-007	4.0732e-007	4.07321e-007	4.07321e-007	4.07321e-007	4.0732e-007	4.0732e-007	4.0732e-007	4.0732e-007	4.0732e-007	4.0732e-007	
130	4.10765e-007	4.10766e-007	4.1077e-007	4.10771e-007	4.10768e-007	4.10767e-007	4.10768e-007	4.10769e-007	4.10769e-007	4.10768e-007	4.10768e-007	4.10768e-007	4.10769e-007	4.10768e-007	4.10768e-007	4.10768e-007	4.10768e-007	4.10768e-007	4.10768e-007	4.10768e-007	
131	4.14477e-007	4.14479e-007	4.14483e-007	4.14484e-007	4.14481e-007	4.1448e-007	4.14481e-007	4.14482e-007	4.14482e-007	4.14481e-007	4.14481e-007	4.14481e-007	4.14482e-007	4.14481e-007	4.14481e-007	4.14481e-007	4.14481e-007	4.14481e-007	4.14481e-007	4.14481e-007	
132	4.18471e-007	4.18474e-007	4.18478e-007	4.18478e-007	4.18475e-007	4.18474e-007	4.18476e-007	4.18477e-007	4.18476e-007	4.18475e-007	4.18475e-007	4.18476e-007	4.18476e-007	4.18476e-007	4.18475e-007	4.18476e-007	4.18476e-007	4.18476e-007	4.18475e-007	4.18475e-007	
133	4.22763e-007	4.22767e-007	4.22771e-007	4.2277e-007	4.22767e-007	4.22766e-007	4.22768e-007	4.22769e-007	4.22768e-007	4.22767e-007	4.22768e-007	4.22768e-007	4.22768e-007	4.22768e-007	4.22767e-007	4.22768e-007	4.22768e-007	4.22768e-007	4.22767e-007	4.22768e-007	
134	3.71139e-007	3.71151e-007	3.71173e-007	3.71172e-007	3.71157e-007	3.71153e-007	3.71161e-007	3.71166e-007	3.71163e-007	3.71158e-007	3.71159e-007	3.71162e-007	3.71162e-007	3.7116e-007	3.71159e-007	3.7116e-007	3.71161e-007	3.71161e-007	3.7116e-007	3.7116e-007	
135	3.84898e-007	3.84915e-007	3.84936e-007	3.84932e-007	3.84917e-007	3.84914e-007	3.84923e-007	3.84928e-007	3.84923e-007	3.84919e-007	3.8492e-007	3.84924e-007	3.84924e-007	3.84921e-007	3.8492e-007	3.84921e-007	3.84922e-007	3.84922e-007	3.84921e-007	3.84921e-007	
136	4.00755e-007	4.00777e-007	4.00799e-007	4.00791e-007	4.00774e-007	4.00774e-007	4.00784e-007	4.00788e-007	4.00782e-007	4.00778e-007	4.0078e-007	4.00783e-007	4.00783e-007	4.0078e-007	4.0078e-007	4.00781e-007	4.00782e-007	4.00781e-007	4.0078e-007	4.0078e-007	
137	4.18965e-007	4.18993e-007	4.19014e-007	4.19002e-007	4.18985e-007	4.18986e-007	4.18998e-007	4.19001e-007	4.18994e-007	4.1899e-007	4.18993e-007	4.18996e-007	4.18995e-007	4.18992e-007	4.18992e-007	4.18994e-007	4.18994e-007	4.18993e-007	4.18992e-007	4.18993e-007	
138	4.39839e-007	4.39873e-007	4.39893e-007	4.39877e-007	4.39859e-007	4.39863e-007	4.39876e-007	4.39877e-007	4.39869e-007	4.39865e-007	4.39869e-007	4.39873e-007	4.39871e-007	4.39868e-007	4.39868e-007	4.3987e-007	4.3987e-007	4.39869e-007	4.39868e-007	4.39869e-007	
139	4.63762e-007	4.63802e-007	4.6382e-007	4.63799e-007	4.63781e-007	4.63788e-007	4.63802e-007	4.63802e-007	4.63792e-007	4.63789e-007	4.63794e-007	4.63798e-007	4.63795e-007	4.63792e-007	4.63792e-007	4.63794e-007	4.63794e-007	4.63793e-007	4.63792e-007	4.63793e-007	
140	4.91105e-007	4.9115e-007	4.91166e-007	4.91141e-007	4.91122e-007	4.91132e-007	4.91148e-007	4.91146e-007	4.91135e-007	4.91132e-007	4.91139e-007	4.91142e-007	4.91139e-007	4.91135e-007	4.91136e-007	4.91138e-007	4.91138e-007	4.91137e-007	4.91136e-007	4.91136e-007	
141	5.22186e-007	5.22239e-007	5.22251e-007	5.2222e-007	5.22202e-007	5.22216e-007	5.22232e-007	5.22228e-007	5.22216e-007	5.22214e-007	5.22222e-007	5.22225e-007	5.22221e-007	5.22217e-007	5.22218e-007	5.22221e-007	5.2222e-007	5.22218e-007	5.22218e-007	5.22219e-007	
142	5.58052e-007	5.58111e-007	5.58119e-007	5.58082e-007	5.58065e-007	5.58083e-007	5.581e-007	5.58093e-007	5.5808e-007	5.58079e-007	5.58088e-007	5.5809e-007	5.58085e-007	5.58082e-007	5.58084e-007	5.58086e-007	5.58086e-007	5.58083e-007	5.58083e-007	5.58084e-007	
143	5.99622e-007	5.99689e-007	5.99689e-007	5.99645e-007	5.9963e-007	5.99654e-007	5.99671e-007	5.99661e-007	5.99646e-007	5.99647e-007	5.99657e-007	5.99659e-007	5.99653e-007	5.99649e-007	5.99652e-007	5.99655e-007	5.99653e-007	5.99651e-007	5.9965e-007	5.99652e-007	
144	6.48067e-007	6.48141e-007	6.48132e-007	6.4808e-007	6.48069e-007	6.48098e-007	6.48115e-007	6.481e-007	6.48084e-007	6.48088e-007	6.481e-007	6.481e-007	6.48093e-007	6.48089e-007	6.48093e-007	6.48096e-007	6.48094e-007	6.48091e-007	6.48091e-007	6.48092e-007	
145	7.04893e-007	7.04974e-007	7.04952e-007	7.04891e-007	7.04886e-007	7.04923e-007	7.04938e-007	7.04918e-007	7.04901e-007	7.04909e-007	7.04921e-007	7.0492e-007	7.04911e-007	7.04908e-007	7.04913e-007	7.04916e-007	7.04913e-007	7.0491e-007	7.0491e-007	7.04912e-007	
146	7.72081e-007	7.72167e-007	7.72126e-007	7.72056e-007	7.72059e-007	7.72106e-007	7.72118e-007	7.72091e-007	7.72073e-007	7.72085e-007	7.721e-007	7.72096e-007	7.72085e-007	7.72083e-007	7.72089e-007	7.72092e-007	7.72088e-007	7.72084e-007	7.72085e-007	7.72087e-007	
147	8.52307e-007	8.52395e-007	8.52327e-007	8.52246e-007	8.52264e-007	8.52322e-007	8.52328e-007	8.52292e-007	8.52275e-007	8.52293e-007	8.52309e-007	8.52302e-007	8.52288e-007	8.52288e-007	8.52296e-007	8.52298e-007	8.52293e-007	8.52289e-007	8.5229e-007	8.52293e-007	
148	9.49369e-007	9.49454e-007	9.49346e-007	9.49256e-007	9.49296e-007	9.49367e-007	9.49363e-007	9.49314e-007	9.493e-007	9.49327e-007	9.49344e-007	9.49331e-007	9.49315e-007	9.49317e-007	9.49328e-007	9.49328e-007	9.49321e-007	9.49317e-007	9.4932e-007	9.49322e-007	
149	1.06907e-006	1.06914e-006	1.06897e-006	1.06887e-006	1.06895e-006	1.06904e-006	1.06901e-006	1.06895e-006	1.06894e-006	1.06898e-006	1.069e-006	1.06897e-006	1.06896e-006	1.06896e-006	1.06898e-006	1.06897e-006	1.06896e-006	1.06896e-006	1.06897e-006	1.06897e-006	
150	1.22137e-006	1.2214e-006	1.22113e-006	1.22103e-006	1.22117e-006	1.22128e-006	1.22122e-006	1.22113e-006	1.22113e-006	1.2212e-006	1.22121e-006	1.22117e-006	1.22115e-006	1.22117e-006	1.22118e-006	1.22118e-006	1.22116e-006	1.22116e-006	1.22117e-006	1.22117e-006	
151	1.42712e-006	1.42705e-006	1.42661e-006	1.42651e-006	1.42676e-006	1.42691e-006	1.42679e-006	1.42665e-006	1.42669e-006	1.42678e-006	1.42679e-006	1.42673e-006	1.4267e-006	1.42673e-006	1.42676e-006	1.42674e-006	1.42672e-006	1.42672e-006	1.42673e-006	1.42673e-006	
152	1.75202e-006	1.75165e-006	1.7507e-006	1.75063e-006	1.75123e-006	1.75146e-006	1.75114e-006	1.75088e-006	1.751e-006	1.75121e-006	1.75119e-006	1.75105e-006	1.75101e-006	1.75109e-006	1.75113e-006	1.75109e-006	1.75105e-006	1.75105e-006	1.75108e-006	1.75108e-006	
153	2.36711e-006	2.36741e-006	2.3679e-006	2.36786e-006	2.36753e-006	2.36745e-006	2.36764e-006	2.36776e-006	2.36767e-006	2.36757e-006	2.36759e-006	2.36767e-006	2.36768e-006	2.36763e-006	2.36761e-006	2.36764e-006	2.36766e-006	2.36765e-006	2.36764e-006	2.36764e-006	
154	2.18515e-006	2.18556e-006	2.18603e-006	2.1859e-006	2.18556e-006	2.18553e-006	2.18575e-006	2.18584e-006	2.18573e-006	2.18564e-006	2.18568e-006	2.18576e-006	2.18575e-006	2.1857e-006	2.18569e-006	2.18572e-006	2.18574e-006	2.18573e-006	2.18571e-006	2.18572e-006	
155	2.03662e-006	2.03713e-006	2.03755e-006	2.03736e-006	2.03702e-006	2.03704e-006	2.03727e-006	2.03733e-006	2.0372e-006	2.03712e-006	2.03718e-006	2.03725e-006	2.03724e-006	2.03719e-006	2.03718e-006	2.03721e-006	2.03723e-006	2.03721e-006	2.0372e-006	2.03721e-006	
156	1.91822e-006	1.9188e-006	1.91917e-006	1.91891e-006	1.91858e-006	1.91865e-006	1.91889e-006	1.91892e-006	1.91877e-006	1.91871e-006	1.91878e-006	1.91885e-006	1.91882e-006	1.91877e-006	1.91877e-006	1.91881e-006	1.91882e-006	1.9188e-006	1.91879e-006	1.9188e-006	
157	1.82428e-006	1.82492e-006	1.82521e-006	1.82489e-006	1.8246e-006	1.82471e-006	1.82494e-006	1.82494e-006	1.82479e-006	1.82474e-006	1.82483e-006	1.82489e-006	1.82485e-006	1.8248e-006	1.82481e-006	1.82485e-006	1.82485e-006	1.82483e-006	1.82482e-006	1.82483e-006	
158	1.75015e-006	1.75082e-006	1.75103e-006	1.75066e-006	1.75041e-006	1.75056e-006	1.75078e-006	1.75075e-006	1.7506e-006	1.75057e-006	1.75066e-006	1.75071e-006	1.75067e-006	1.75062e-006	1.75064e-006	1.75067e-006	1.75067e-006	1.75065e-006	1.75064e-006	1.75066e-006	
159	1.69033e-006	1.691e-006	1.69112e-006	1.69073e-006	1.69052e-006	1.69071e-006	1.69091e-006	1.69085e-006	1.6907e-006	1.69069e-006	1.69079e-006	1.69082e-006	1.69077e-006	1.69073e-006	1.69075e-006	1.69079e-006	1.69079e-006	1.69076e-006	1.69076e-006	1.69077e-006	
160	1.63871e-006	1.63936e-006	1.63938e-006	1.63897e-006	1.63882e-006	1.63904e-006	1.63921e-006	1.63912e-006	1.63898e-006	1.639e-006	1.6391e-006	1.63912e-006	1.63906e-006	1.63903e-006	1.63906e-006	1.63909e-006	1.63908e-006	1.63906e-006	1.63906e-006	1.63907e-006	
161	1.58881e-006	1.58941e-006	1.58934e-006	1.58893e-006	1.58884e-006	1.58908e-006	1.58922e-006	1.5891e-006	1.58898e-006	1.58901e-006	1.58911e-006	1.58912e-006	1.58906e-006	1.58903e-006	1.58907e-006	1.58909e-006	1.58908e-006	1.58906e-006	1.58906e-006	1.58908e-006	
162	1.534e-006	1.53453e-006	1.53436e-006	1.53397e-006	1.53395e-006	1.5342e-006	1.5343e-006	1.53416e-006	1.53406e-006	1.53411e-006	1.5342e-006	1.53419e-006	1.53413e-006	1.53412e-006	1.53415e-006	1.53417e-006	1.53416e-006	1.53414e-006	1.53414e-006	1.53416e-006	
163	1.46776e-006	1.46819e-006	1.46794e-006	1.46757e-006	1.46762e-006	1.46788e-006	1.46793e-006	1.46778e-006	1.4677e-006	1.46777e-006	1.46785e-006	1.46782e-006	1.46777e-006	1.46776e-006	1.4678e-006	1.46782e-006	1.4678e-006	1.46778e-006	1.46779e-006	1.4678e-006	
164	1.38393e-006	1.38426e-006	1.38393e-006	1.38361e-006	1.38372e-006	1.38397e-006	1.38398e-006	1.38382e-006	1.38376e-006	1.38385e-006	1.38392e-006	1.38388e-006	1.38383e-006	1.38383e-006	1.38387e-006	1.38388e-006	1.38386e-006	1.38385e-006	1.38386e-006	1.38387e-006	
165	1.27701e-006	1.27722e-006	1.27682e-006	1.27656e-006	1.27674e-006	1.27697e-006	1.27693e-006	1.27676e-006	1.27674e-006	1.27684e-006	1.27689e-006	1.27684e-006	1.27679e-006	1.27681e-006	1.27685e-006	1.27685e-006	1.27682e-006	1.27682e-006	1.27683e-006	1.27684e-006	
166	1.14235e-006	1.14243e-006	1.14198e-006	1.14179e-006	1.14202e-006	1.14223e-006	1.14214e-006	1.14198e-006	1.14198e-006	1.14209e-006	1.14213e-006	1.14207e-006	1.14203e-006	1.14205e-006	1.14209e-006	1.14208e-006	1.14206e-006	1.14206e-006	1.14207e-006	1.14208e-006	
167	9.29458e-007	9.29419e-007	9.28917e-007	9.28782e-007	9.29069e-007	9.29251e-007	9.29123e-007	9.28964e-007	9.28998e-007	9.29114e-007	9.29131e-007	9.29062e-007	9.2903e-007	9.29066e-007	9.291e-007	9.29089e-007	9.29064e-007	9.29065e-007	9.29083e-007	9.29089e-007	
168	7.47701e-007	7.47527e-007	7.47003e-007	7.4695e-007	7.47277e-007	7.47419e-007	7.47252e-007	7.47107e-007	7.47171e-007	7.47288e-007	7.47286e-007	7.4721e-007	7.47188e-007	7.47233e-007	7.47263e-007	7.47245e-007	7.47221e-007	7.47227e-007	7.47246e-007	7.4725e-007	
169	5.31887e-007	5.31582e-007	5.31055e-007	5.31087e-007	5.31444e-007	5.3154e-007	5.31339e-007	5.31213e-007	5.31306e-007	5.31421e-007	5.31398e-007	5.31318e-007	5.31309e-007	5.3136e-007	5.31385e-007	5.31361e-007	5.31339e-007	5.31349e-007	5.31369e-007	5.3137e-007	
170	2.93536e-007	2.93537e-007	2.93493e-007	2.93478e-007	2.93502e-007	2.93519e-007	2.93509e-007	2.93494e-007	2.93496e-007	2.93506e-007	2.93508e-007	2.93501e-007	2.93498e-007	2.93501e-007	2.93504e-007	2.93503e-007	2.935e-007	2.935e-007	2.93501e-007	2.93501e-007	
171	3.21182e-007	3.21171e-007	3.21121e-007	3.21113e-007	3.21142e-007	3.21157e-007	3.21142e-007	3.21128e-007	3.21132e-007	3.21143e-007	3.21143e-007	3.21136e-007	3.21133e-007	3.21137e-007	3.2114e-007	3.21138e-007	3.21135e-007	3.21135e-007	3.21137e-007	3.21137e-007	
172	3.62616e-007	3.62566e-007	3.62536e-007	3.62559e-007	3.62585e-007	3.62579e-007	3.62559e-007	3.62556e-007	3.62568e-007	3.62573e-007	3.62567e-007	3.62561e-007	3.62563e-007	3.62567e-007	3.62567e-007	3.62563e-007	3.62562e-007	3.62563e-007	3.62564e-007	3.62563e-007	
173	4.17646e-007	4.1758e-007	4.17552e-007	4.17585e-007	4.17614e-007	4.17601e-007	4.17577e-007	4.17578e-007	4.17593e-007	4.17597e-007	4.17588e-007	4.17582e-007	4.17585e-007	4.1759e-007	4.17589e-007	4.17585e-007	4.17584e-007	4.17586e-007	4.17586e-007	4.17585e-007	
174	4.8632e-007	4.86233e-007	4.86208e-007	4.86256e-007	4.86288e-007	4.86265e-007	4.86237e-007	4.86242e-007	4.86261e-007	4.86264e-007	4.86251e-007	4.86245e-007	4.8625e-007	4.86256e-007	4.86253e-007	4.86248e-007	4.86248e-007	4.8625e-007	4.86251e-007	4.86249e-007	
175	5.76087e-007	5.75969e-007	5.75952e-007	5.76022e-007	5.76056e-007	5.7602e-007	5.75985e-007	5.75997e-007	5.76022e-007	5.76022e-007	5.76004e-007	5.75998e-007	5.76007e-007	5.76013e-007	5.76008e-007	5.76002e-007	5.76002e-007	5.76005e-007	5.76005e-007	5.76002e-007	
176	7.01502e-007	7.01336e-007	7.01333e-007	7.0144e-007	7.01475e-007	7.01415e-007	7.01371e-007	7.01395e-007	7.0143e-007	7.01425e-007	7.01399e-007	7.01393e-007	7.01407e-007	7.01414e-007	7.01406e-007	7.01397e-007	7.01398e-007	7.01403e-007	7.01403e-007	7.01398e-007	
177	8.97148e-007	8.96884e-007	8.96916e-007	8.97098e-007	8.97133e-007	8.97023e-007	8.96963e-007	8.97013e-007	8.97067e-007	8.97049e-007	8.97006e-007	8.97002e-007	8.97026e-007	8.97035e-007	8.9702e-007	8.97007e-007	8.97011e-007	8.97018e-007	8.97016e-007	8.97008e-007	
178	1.29014e-006	1.28954e-006	1.28971e-006	1.29015e-006	1.29018e-006	1.28989e-006	1.28978e-006	1.28992e-006	1.29004e-006	1.28998e-006	1.28988e-006	1.28988e-006	1.28994e-006	1.28995e-006	1.28991e-006	1.28988e-006	1.2899e-006	1.28992e-006	1.28991e-006	1.28989e-006	
179	2.58323e-006	2.58337e-006	2.58258e-006	2.58224e-006	2.58264e-006	2.58299e-006	2.58284e-006	2.58256e-006	2.58257e-006	2.58275e-006	2.5828e-006	2.5827e-006	2.58263e-006	2.58267e-006	2.58273e-006	2.58272e-006	2.58268e-006	2.58267e-006	2.58269e-006	2.5827e-006	
PloughingZone Area: theta Ac1 Ac2 ..
0	0	0	0	0	0	0	0	0	0	0	0	0	0	0	0	0	0	0	0	0	
1	0	0	0	0	0	0	0	0	0	0	0	0	0	0	0	0	0	0	0	0	
2	0	0	0	0	0	0	0	0	0	0	0	0	0	0	0	0	0	0	0	0	
3	1.35441e-006	1.35433e-006	1.35334e-006	1.35306e-006	1.35361e-006	1.35396e-006	1.3537e-006	1.35338e-006	1.35343e-006	1.35365e-006	1.35367e-006	1.35353e-006	1.35345e-006	1.35351e-006	1.35357e-006	1.35354e-006	1.35348e-006	1.35347e-006	1.3535e-006	1.3535e-006	
4	2.40714e-006	2.40695e-006	2.40627e-006	2.40616e-006	2.40657e-006	2.40676e-006	2.40655e-006	2.40635e-006	2.40641e-006	2.40656e-006	2.40655e-006	2.40645e-006	2.40641e-006	2.40646e-006	2.40649e-006	2.40647e-006	2.40643e-006	2.40643e-006	2.40644e-006	2.40644e-006	
5	3.26946e-006	3.26919e-006	3.26862e-006	3.26861e-006	3.26897e-006	3.26909e-006	3.26888e-006	3.26873e-006	3.26881e-006	3.26893e-006	3.26891e-006	3.26882e-006	3.2688e-006	3.26884e-006	3.26886e-006	3.26883e-006	3.2688e-006	3.26881e-006	3.26882e-006	3.26882e-006	
6	4.06324e-006	4.0629e-006	4.06241e-006	4.06247e-006	4.06281e-006	4.06287e-006	4.06266e-006	4.06255e-006	4.06264e-006	4.06274e-006	4.0627e-006	4.06262e-006	4.06261e-006	4.06266e-006	4.06267e-006	4.06264e-006	4.06262e-006	4.06262e-006	4.06263e-006	4.06263e-006	
7	4.81773e-006	4.81732e-006	4.81691e-006	4.81704e-006	4.81734e-006	4.81735e-006	4.81715e-006	4.81707e-006	4.81717e-006	4.81725e-006	4.8172e-006	4.81713e-006	4.81713e-006	4.81718e-006	4.81718e-006	4.81715e-006	4.81713e-006	4.81714e-006	4.81715e-006	4.81714e-006	
8	5.54181e-006	5.54137e-006	5.54103e-006	5.54121e-006	5.54148e-006	5.54145e-006	5.54125e-006	5.54121e-006	5.54131e-006	5.54137e-006	5.54131e-006	5.54125e-006	5.54126e-006	5.5413e-006	5.5413e-006	5.54127e-006	5.54126e-006	5.54127e-006	5.54127e-006	5.54126e-006	
9	6.2381e-006	6.23763e-006	6.23737e-006	6.2376e-006	6.23783e-006	6.23775e-006	6.23757e-006	6.23756e-006	6.23767e-006	6.2377e-006	6.23764e-006	6.23759e-006	6.23761e-006	6.23764e-006	6.23764e-006	6.2376e-006	6.23759e-006	6.2376e-006	6.23761e-006	6.2376e-006	
10	6.90729e-006	6.9068e-006	6.90663e-006	6.90688e-006	6.90708e-006	6.90696e-006	6.90679e-006	6.90681e-006	6.90692e-006	6.90694e-006	6.90687e-006	6.90683e-006	6.90685e-006	6.90689e-006	6.90687e-006	6.90684e-006	6.90684e-006	6.90685e-006	6.90685e-006	6.90684e-006	
11	7.54896e-006	7.54847e-006	7.54838e-006	7.54867e-006	7.54881e-006	7.54867e-006	7.54852e-006	7.54856e-006	7.54867e-006	7.54867e-006	7.5486e-006	7.54857e-006	7.5486e-006	7.54862e-006	7.54861e-006	7.54858e-006	7.54858e-006	7.54859e-006	7.54859e-006	7.54858e-006	
12	8.12633e-006	8.12586e-006	8.12584e-006	8.12614e-006	8.12624e-006	8.12607e-006	8.12595e-006	8.12601e-006	8.12611e-006	8.12609e-006	8.12602e-006	8.126e-006	8.12604e-006	8.12606e-006	8.12603e-006	8.12601e-006	8.12601e-006	8.12602e-006	8.12602e-006	8.12601e-006	
13	8.71146e-006	8.71101e-006	8.71106e-006	8.71137e-006	8.71143e-006	8.71124e-006	8.71114e-006	8.71122e-006	8.71131e-006	8.71128e-006	8.71121e-006	8.7112e-006	8.71124e-006	8.71125e-006	8.71123e-006	8.7112e-006	8.71121e-006	8.71122e-006	8.71122e-006	8.7112e-006	
14	9.27597e-006	9.27555e-006	9.27567e-006	9.27598e-006	9.276e-006	9.27579e-006	9.27572e-006	9.27582e-006	9.2759e-006	9.27585e-006	9.27578e-006	9.27578e-006	9.27583e-006	9.27583e-006	9.2758e-006	9.27578e-006	9.27579e-006	9.2758e-006	9.2758e-006	9.27578e-006	
15	9.81944e-006	9.81906e-006	9.81924e-006	9.81954e-006	9.81952e-006	9.81931e-006	9.81925e-006	9.81937e-006	9.81944e-006	9.81938e-006	9.81931e-006	9.81932e-006	9.81937e-006	9.81937e-006	9.81934e-006	9.81932e-006	9.81933e-006	9.81934e-006	9.81933e-006	9.81932e-006	
16	1.0078e-005	1.00775e-005	1.00772e-005	1.00775e-005	1.00777e-005	1.00777e-005	1.00775e-005	1.00775e-005	1.00776e-005	1.00776e-005	1.00776e-005	1.00775e-005	1.00775e-005	1.00776e-005	1.00776e-005	1.00775e-005	1.00775e-005	1.00775e-005	1.00776e-005	1.00775e-005	
17	1.02571e-005	1.02566e-005	1.02564e-005	1.02566e-005	1.02569e-005	1.02568e-005	1.02566e-005	1.02566e-005	1.02567e-005	1.02567e-005	1.02567e-005	1.02566e-005	1.02566e-005	1.02567e-005	1.02567e-005	1.02566e-005	1.02566e-005	1.02567e-005	1.02567e-005	1.02567e-005	
18	1.04169e-005	1.04164e-005	1.04162e-005	1.04165e-005	1.04167e-005	1.04166e-005	1.04164e-005	1.04165e-005	1.04166e-005	1.04166e-005	1.04165e-005	1.04165e-005	1.04165e-005	1.04166e-005	1.04165e-005	1.04165e-005	1.04165e-005	1.04165e-005	1.04165e-005	1.04165e-005	
19	1.04374e-005	1.04368e-005	1.04367e-005	1.0437e-005	1.04372e-005	1.04371e-005	1.04369e-005	1.04369e-005	1.0437e-005	1.04371e-005	1.0437e-005	1.04369e-005	1.0437e-005	1.0437e-005	1.0437e-005	1.0437e-005	1.0437e-005	1.0437e-005	1.0437e-005	1.0437e-005	
20	9.99289e-006	9.99219e-006	9.99198e-006	9.99237e-006	9.99263e-006	9.99246e-006	9.99223e-006	9.99227e-006	9.99243e-006	9.99246e-006	9.99236e-006	9.99232e-006	9.99236e-006	9.99241e-006	9.99239e-006	9.99236e-006	9.99236e-006	9.99238e-006	9.99239e-006	9.99238e-006	
21	1.1131e-005	1.11318e-005	1.11312e-005	1.11304e-005	1.11306e-005	1.11311e-005	1.11312e-005	1.11308e-005	1.11307e-005	1.11309e-005	1.1131e-005	1.11309e-005	1.11308e-005	1.11308e-005	1.11309e-005	1.11309e-005	1.11308e-005	1.11308e-005	1.11308e-005	1.11308e-005	
22	1.20591e-005	1.20593e-005	1.20589e-005	1.20586e-005	1.20588e-005	1.2059e-005	1.2059e-005	1.20588e-005	1.20588e-005	1.20589e-005	1.20589e-005	1.20589e-005	1.20588e-005	1.20588e-005	1.20589e-005	1.20589e-005	1.20588e-005	1.20588e-005	1.20588e-005	1.20588e-005	
23	1.27738e-005	1.27738e-005	1.27735e-005	1.27734e-005	1.27735e-005	1.27737e-005	1.27736e-005	1.27735e-005	1.27735e-005	1.27736e-005	1.27736e-005	1.27735e-005	1.27735e-005	1.27735e-005	1.27735e-005	1.27735e-005	1.27735e-005	1.27735e-005	1.27735e-005	1.27735e-005	
24	1.34066e-005	1.34065e-005	1.34062e-005	1.34062e-005	1.34064e-005	1.34064e-005	1.34063e-005	1.34063e-005	1.34063e-005	1.34064e-005	1.34063e-005	1.34063e-005	1.34063e-005	1.34063e-005	1.34063e-005	1.34063e-005	1.34063e-005	1.34063e-005	1.34063e-005	1.34063e-005	
25	1.39919e-005	1.39917e-005	1.39915e-005	1.39916e-005	1.39918e-005	1.39917e-005	1.39916e-005	1.39916e-005	1.39917e-005	1.39917e-005	1.39917e-005	1.39916e-005	1.39916e-005	1.39917e-005	1.39917e-005	1.39916e-005	1.39916e-005	1.39916e-005	1.39916e-005	1.39916e-005	
26	1.45446e-005	1.45443e-005	1.45442e-005	1.45444e-005	1.45445e-005	1.45444e-005	1.45443e-005	1.45443e-005	1.45444e-005	1.45444e-005	1.45443e-005	1.45443e-005	1.45443e-005	1.45444e-005	1.45443e-005	1.45443e-005	1.45443e-005	1.45443e-005	1.45443e-005	1.45443e-005	
27	1.50724e-005	1.5072e-005	1.5072e-005	1.50723e-005	1.50723e-005	1.50722e-005	1.50721e-005	1.50722e-005	1.50722e-005	1.50722e-005	1.50722e-005	1.50721e-005	1.50722e-005	1.50722e-005	1.50722e-005	1.50721e-005	1.50722e-005	1.50722e-005	1.50722e-005	1.50721e-005	
28	1.55799e-005	1.55795e-005	1.55796e-005	1.55799e-005	1.55799e-005	1.55797e-005	1.55797e-005	1.55798e-005	1.55798e-005	1.55798e-005	1.55797e-005	1.55797e-005	1.55798e-005	1.55798e-005	1.55798e-005	1.55797e-005	1.55797e-005	1.55798e-005	1.55797e-005	1.55797e-005	
29	1.60699e-005	1.60696e-005	1.60698e-005	1.60701e-005	1.607e-005	1.60698e-005	1.60698e-005	1.60699e-005	1.607e-005	1.60699e-005	1.60698e-005	1.60698e-005	1.60699e-005	1.60699e-005	1.60699e-005	1.60698e-005	1.60699e-005	1.60699e-005	1.60699e-005	1.60698e-005	
30	1.65441e-005	1.65438e-005	1.6544e-005	1.65443e-005	1.65443e-005	1.6544e-005	1.6544e-005	1.65441e-005	1.65442e-005	1.65441e-005	1.6544e-005	1.65441e-005	1.65441e-005	1.65441e-005	1.65441e-005	1.65441e-005	1.65441e-005	1.65441e-005	1.65441e-005	1.65441e-005	
31	1.70033e-005	1.70029e-005	1.70032e-005	1.70036e-005	1.70034e-005	1.70032e-005	1.70032e-005	1.70033e-005	1.70034e-005	1.70033e-005	1.70032e-005	1.70033e-005	1.70033e-005	1.70033e-005	1.70033e-005	1.70033e-005	1.70033e-005	1.70033e-005	1.70033e-005	1.70033e-005	
32	1.74478e-005	1.74475e-005	1.74478e-005	1.74482e-005	1.7448e-005	1.74478e-005	1.74478e-005	1.74479e-005	1.7448e-005	1.74479e-005	1.74478e-005	1.74479e-005	1.74479e-005	1.74479e-005	1.74479e-005	1.74478e-005	1.74479e-005	1.74479e-005	1.74479e-005	1.74478e-005	
33	1.7878e-005	1.78777e-005	1.78781e-005	1.78784e-005	1.78782e-005	1.7878e-005	1.7878e-005	1.78782e-005	1.78782e-005	1.78781e-005	1.7878e-005	1.78781e-005	1.78781e-005	1.78781e-005	1.78781e-005	1.78781e-005	1.78781e-005	1.78781e-005	1.78781e-005	1.78781e-005	
34	1.82941e-005	1.82938e-005	1.82943e-005	1.82946e-005	1.82944e-005	1.82941e-005	1.82941e-005	1.82943e-005	1.82944e-005	1.82942e-005	1.82942e-005	1.82942e-005	1.82943e-005	1.82943e-005	1.82942e-005	1.82942e-005	1.82942e-005	1.82943e-005	1.82942e-005	1.82942e-005	
35	1.86968e-005	1.86966e-005	1.8697e-005	1.86973e-005	1.86971e-005	1.86968e-005	1.86969e-005	1.86971e-005	1.86971e-005	1.8697e-005	1.86969e-005	1.8697e-005	1.8697e-005	1.8697e-005	1.86969e-005	1.86969e-005	1.8697e-005	1.8697e-005	1.8697e-005	1.86969e-005	
36	1.90871e-005	1.90869e-005	1.90874e-005	1.90876e-005	1.90874e-005	1.90872e-005	1.90872e-005	1.90874e-005	1.90874e-005	1.90873e-005	1.90872e-005	1.90873e-005	1.90873e-005	1.90873e-005	1.90873e-005	1.90873e-005	1.90873e-005	1.90873e-005	1.90873e-005	1.90873e-005	
37	1.94666e-005	1.94665e-005	1.94669e-005	1.94671e-005	1.94669e-005	1.94667e-005	1.94668e-005	1.94669e-005	1.94669e-005	1.94668e-005	1.94668e-005	1.94668e-005	1.94669e-005	1.94668e-005	1.94668e-005	1.94668e-005	1.94668e-005	1.94668e-005	1.94668e-005	1.94668e-005	
38	1.98375e-005	1.98374e-005	1.98378e-005	1.9838e-005	1.98378e-005	1.98376e-005	1.98377e-005	1.98378e-005	1.98378e-005	1.98377e-005	1.98377e-005	1.98377e-005	1.98378e-005	1.98377e-005	1.98377e-005	1.98377e-005	1.98377e-005	1.98377e-005	1.98377e-005	1.98377e-005	
39	2.02024e-005	2.02024e-005	2.02027e-005	2.02029e-005	2.02027e-005	2.02025e-005	2.02026e-005	2.02027e-005	2.02027e-005	2.02026e-005	2.02026e-005	2.02026e-005	2.02027e-005	2.02026e-005	2.02026e-005	2.02026e-005	2.02026e-005	2.02026e-005	2.02026e-005	2.02026e-005	
40	2.05654e-005	2.05655e-005	2.05658e-005	2.05659e-005	2.05657e-005	2.05656e-005	2.05657e-005	2.05658e-005	2.05657e-005	2.05657e-005	2.05656e-005	2.05657e-005	2.05657e-005	2.05657e-005	2.05657e-005	2.05657e-005	2.05657e-005	2.05657e-005	2.05657e-005	2.05657e-005	
41	2.09306e-005	2.09307e-005	2.0931e-005	2.0931e-005	2.09308e-005	2.09308e-005	2.09309e-005	2.0931e-005	2.09309e-005	2.09308e-005	2.09308e-005	2.09309e-005	2.09309e-005	2.09309e-005	2.09309e-005	2.09309e-005	2.09309e-005	2.09309e-005	2.09309e-005	2.09309e-005	
42	2.12986e-005	2.12988e-005	2.12991e-005	2.1299e-005	2.12988e-005	2.12988e-005	2.12989e-005	2.1299e-005	2.12989e-005	2.12988e-005	2.12989e-005	2.12989e-005	2.12989e-005	2.12989e-005	2.12989e-005	2.12989e-005	2.12989e-005	2.12989e-005	2.12989e-005	2.12989e-005	
43	2.16716e-005	2.16719e-005	2.16721e-005	2.16719e-005	2.16718e-005	2.16718e-005	2.16719e-005	2.16719e-005	2.16719e-005	2.16718e-005	2.16719e-005	2.16719e-005	2.16719e-005	2.16718e-005	2.16718e-005	2.16719e-005	2.16719e-005	2.16718e-005	2.16718e-005	2.16718e-005	
44	2.2051e-005	2.20513e-005	2.20514e-005	2.20512e-005	2.20511e-005	2.20512e-005	2.20513e-005	2.20513e-005	2.20512e-005	2.20512e-005	2.20512e-005	2.20512e-005	2.20512e-005	2.20512e-005	2.20512e-005	2.20512e-005	2.20512e-005	2.20512e-005	2.20512e-005	2.20512e-005	
45	2.24372e-005	2.24375e-005	2.24375e-005	2.24373e-005	2.24372e-005	2.24373e-005	2.24374e-005	2.24374e-005	2.24373e-005	2.24373e-005	2.24374e-005	2.24374e-005	2.24373e-005	2.24373e-005	2.24373e-005	2.24373e-005	2.24373e-005	2.24373e-005	2.24373e-005	2.24373e-005	
46	2.28297e-005	2.283e-005	2.283e-005	2.28297e-005	2.28297e-005	2.28298e-005	2.28299e-005	2.28298e-005	2.28297e-005	2.28298e-005	2.28298e-005	2.28298e-005	2.28298e-005	2.28298e-005	2.28298e-005	2.28298e-005	2.28298e-005	2.28298e-005	2.28298e-005	2.28298e-005	
47	2.32271e-005	2.32274e-005	2.32273e-005	2.3227e-005	2.3227e-005	2.32272e-005	2.32272e-005	2.32271e-005	2.32271e-005	2.32271e-005	2.32272e-005	2.32271e-005	2.32271e-005	2.32271e-005	2.32271e-005	2.32271e-005	2.32271e-005	2.32271e-005	2.32271e-005	2.32271e-005	
48	2.36272e-005	2.36276e-005	2.36274e-005	2.3627e-005	2.36271e-005	2.36273e-005	2.36273e-005	2.36272e-005	2.36271e-005	2.36272e-005	2.36273e-005	2.36272e-005	2.36272e-005	2.36272e-005	2.36272e-005	2.36272e-005	2.36272e-005	2.36272e-005	2.36272e-005	2.36272e-005	
49	2.40274e-005	2.40278e-005	2.40275e-005	2.40272e-005	2.40273e-005	2.40275e-005	2.40275e-005	2.40274e-005	2.40273e-005	2.40274e-005	2.40274e-005	2.40274e-005	2.40274e-005	2.40274e-005	2.40274e-005	2.40274e-005	2.40274e-005	2.40274e-005	2.40274e-005	2.40274e-005	
50	2.44248e-005	2.44251e-005	2.44247e-005	2.44244e-005	2.44245e-005	2.44248e-005	2.44248e-005	2.44246e-005	2.44246e-005	2.44246e-005	2.44247e-005	2.44247e-005	2.44246e-005	2.44246e-005	2.44247e-005	2.44247e-005	2.44246e-005	2.44246e-005	2.44246e-005	2.44246e-005	
51	2.48189e-005	2.48192e-005	2.48188e-005	2.48185e-005	2.48186e-005	2.48189e-005	2.48188e-005	2.48187e-005	2.48186e-005	2.48187e-005	2.48188e-005	2.48187e-005	2.48187e-005	2.48187e-005	2.48187e-005	2.48187e-005	2.48187e-005	2.48187e-005	2.48187e-005	2.48187e-005	
52	2.52041e-005	2.52043e-005	2.52038e-005	2.52036e-005	2.52038e-005	2.5204e-005	2.5204e-005	2.52038e-005	2.52038e-005	2.52039e-005	2.52039e-005	2.52038e-005	2.52038e-005	2.52038e-005	2.52038e-005	2.52038e-005	2.52038e-005	2.52038e-005	2.52038e-005	2.52038e-005	
53	2.55774e-005	2.55776e-005	2.55771e-005	2.55769e-005	2.55771e-005	2.55773e-005	2.55772e-005	2.55771e-005	2.55771e-005	2.55772e-005	2.55772e-005	2.55771e-005	2.55771e-005	2.55771e-005	2.55772e-005	2.55771e-005	2.55771e-005	2.55771e-005	2.55771e-005	2.55771e-005	
54	2.59e-005	2.59e-005	2.58996e-005	2.58994e-005	2.58996e-005	2.58998e-005	2.58997e-005	2.58996e-005	2.58996e-005	2.58997e-005	2.58997e-005	2.58996e-005	2.58996e-005	2.58996e-005	2.58997e-005	2.58996e-005	2.58996e-005	2.58996e-005	2.58996e-005	2.58996e-005	
55	2.62436e-005	2.62435e-005	2.62431e-005	2.6243e-005	2.62432e-005	2.62434e-005	2.62432e-005	2.62431e-005	2.62431e-005	2.62432e-005	2.62432e-005	2.62432e-005	2.62431e-005	2.62432e-005	2.62432e-005	2.62432e-005	2.62432e-005	2.62432e-005	2.62432e-005	2.62432e-005	
56	2.65737e-005	2.65736e-005	2.65732e-005	2.65731e-005	2.65734e-005	2.65735e-005	2.65734e-005	2.65732e-005	2.65733e-005	2.65734e-005	2.65734e-005	2.65733e-005	2.65733e-005	2.65733e-005	2.65733e-005	2.65733e-005	2.65733e-005	2.65733e-005	2.65733e-005	2.65733e-005	
57	2.68895e-005	2.68894e-005	2.6889e-005	2.6889e-005	2.68892e-005	2.68893e-005	2.68892e-005	2.68891e-005	2.68891e-005	2.68892e-005	2.68892e-005	2.68891e-005	2.68891e-005	2.68891e-005	2.68892e-005	2.68891e-005	2.68891e-005	2.68891e-005	2.68891e-005	2.68891e-005	
58	2.71905e-005	2.71903e-005	2.719e-005	2.719e-005	2.71902e-005	2.71903e-005	2.71901e-005	2.71901e-005	2.71901e-005	2.71902e-005	2.71902e-005	2.71901e-005	2.71901e-005	2.71901e-005	2.71902e-005	2.71901e-005	2.71901e-005	2.71901e-005	2.71901e-005	2.71901e-005	
59	2.74766e-005	2.74763e-005	2.7476e-005	2.74761e-005	2.74763e-005	2.74763e-005	2.74762e-005	2.74761e-005	2.74762e-005	2.74762e-005	2.74762e-005	2.74762e-005	2.74762e-005	2.74762e-005	2.74762e-005	2.74762e-005	2.74762e-005	2.74762e-005	2.74762e-005	2.74762e-005	
60	2.77478e-005	2.77475e-005	2.77473e-005	2.77474e-005	2.77476e-005	2.77475e-005	2.77474e-005	2.77474e-005	2.77474e-005	2.77475e-005	2.77475e-005	2.77474e-005	2.77474e-005	2.77474e-005	2.77474e-005	2.77474e-005	2.77474e-005	2.77474e-005	2.77474e-005	2.77474e-005	
61	2.80045e-005	2.80041e-005	2.8004e-005	2.80042e-005	2.80043e-005	2.80042e-005	2.80041e-005	2.80041e-005	2.80042e-005	2.80042e-005	2.80042e-005	2.80042e-005	2.80042e-005	2.80042e-005	2.80042e-005	2.80042e-005	2.80042e-005	2.80042e-005	2.80042e-005	2.80042e-005	
62	2.82471e-005	2.82467e-005	2.82467e-005	2.82469e-005	2.8247e-005	2.82469e-005	2.82468e-005	2.82468e-005	2.82469e-005	2.82469e-005	2.82468e-005	2.82468e-005	2.82468e-005	2.82468e-005	2.82468e-005	2.82468e-005	2.82468e-005	2.82468e-005	2.82468e-005	2.82468e-005	
63	2.84759e-005	2.84756e-005	2.84756e-005	2.84758e-005	2.84759e-005	2.84757e-005	2.84757e-005	2.84757e-005	2.84758e-005	2.84758e-005	2.84757e-005	2.84757e-005	2.84757e-005	2.84758e-005	2.84757e-005	2.84757e-005	2.84757e-005	2.84757e-005	2.84757e-005	2.84757e-005	
64	2.86914e-005	2.8691e-005	2.86911e-005	2.86914e-005	2.86914e-005	2.86912e-005	2.86912e-005	2.86912e-005	2.86913e-005	2.86913e-005	2.86912e-005	2.86912e-005	2.86913e-005	2.86913e-005	2.86912e-005	2.86912e-005	2.86912e-005	2.86912e-005	2.86912e-005	2.86912e-005	
65	2.88936e-005	2.88933e-005	2.88935e-005	2.88937e-005	2.88937e-005	2.88935e-005	2.88935e-005	2.88936e-005	2.88936e-005	2.88936e-005	2.88935e-005	2.88935e-005	2.88936e-005	2.88936e-005	2.88935e-005	2.88935e-005	2.88935e-005	2.88936e-005	2.88936e-005	2.88935e-005	
66	2.90828e-005	2.90825e-005	2.90827e-005	2.9083e-005	2.90829e-005	2.90827e-005	2.90827e-005	2.90828e-005	2.90829e-005	2.90828e-005	2.90828e-005	2.90828e-005	2.90828e-005	2.90828e-005	2.90828e-005	2.90828e-005	2.90828e-005	2.90828e-005	2.90828e-005	2.90828e-005	
67	2.9259e-005	2.92587e-005	2.9259e-005	2.92593e-005	2.92592e-005	2.9259e-005	2.9259e-005	2.92591e-005	2.92591e-005	2.92591e-005	2.9259e-005	2.9259e-005	2.92591e-005	2.92591e-005	2.9259e-005	2.9259e-005	2.9259e-005	2.92591e-005	2.9259e-005	2.9259e-005	
68	2.94223e-005	2.9422e-005	2.94223e-005	2.94226e-005	2.94225e-005	2.94223e-005	2.94223e-005	2.94224e-005	2.94224e-005	2.94224e-005	2.94223e-005	2.94223e-005	2.94224e-005	2.94224e-005	2.94223e-005	2.94223e-005	2.94224e-005	2.94224e-005	2.94224e-005	2.94223e-005	
69	2.95727e-005	2.95725e-005	2.95729e-005	2.95731e-005	2.95729e-005	2.95727e-005	2.95728e-005	2.95729e-005	2.95729e-005	2.95729e-005	2.95728e-005	2.95729e-005	2.95729e-005	2.95729e-005	2.95728e-005	2.95728e-005	2.95729e-005	2.95729e-005	2.95729e-005	2.95728e-005	
70	2.97106e-005	2.97105e-005	2.97109e-005	2.97111e-005	2.97109e-005	2.97107e-005	2.97108e-005	2.97109e-005	2.97109e-005	2.97108e-005	2.97108e-005	2.97108e-005	2.97109e-005	2.97109e-005	2.97108e-005	2.97108e-005	2.97108e-005	2.97108e-005	2.97108e-005	2.97108e-005	
71	2.98365e-005	2.98365e-005	2.98368e-005	2.9837e-005	2.98368e-005	2.98366e-005	2.98367e-005	2.98368e-005	2.98368e-005	2.98368e-005	2.98367e-005	2.98368e-005	2.98368e-005	2.98368e-005	2.98368e-005	2.98368e-005	2.98368e-005	2.98368e-005	2.98368e-005	2.98368e-005	
72	2.99512e-005	2.99511e-005	2.99515e-005	2.99517e-005	2.99515e-005	2.99513e-005	2.99514e-005	2.99515e-005	2.99515e-005	2.99514e-005	2.99514e-005	2.99514e-005	2.99515e-005	2.99514e-005	2.99514e-005	2.99514e-005	2.99514e-005	2.99514e-005	2.99514e-005	2.99514e-005	
73	3.00555e-005	3.00555e-005	3.00559e-005	3.0056e-005	3.00558e-005	3.00557e-005	3.00558e-005	3.00559e-005	3.00559e-005	3.00558e-005	3.00558e-005	3.00558e-005	3.00558e-005	3.00558e-005	3.00558e-005	3.00558e-005	3.00558e-005	3.00558e-005	3.00558e-005	3.00558e-005	
74	3.01509e-005	3.0151e-005	3.01514e-005	3.01514e-005	3.01512e-005	3.01511e-005	3.01512e-005	3.01513e-005	3.01513e-005	3.01512e-005	3.01512e-005	3.01512e-005	3.01513e-005	3.01512e-005	3.01512e-005	3.01512e-005	3.01512e-005	3.01512e-005	3.01512e-005	3.01512e-005	
75	3.02388e-005	3.0239e-005	3.02393e-005	3.02394e-005	3.02391e-005	3.0239e-005	3.02392e-005	3.02393e-005	3.02392e-005	3.02391e-005	3.02391e-005	3.02392e-005	3.02392e-005	3.02392e-005	3.02391e-005	3.02392e-005	3.02392e-005	3.02392e-005	3.02392e-005	3.02392e-005	
76	3.03209e-005	3.03211e-005	3.03214e-005	3.03214e-005	3.03212e-005	3.03211e-005	3.03213e-005	3.03213e-005	3.03213e-005	3.03212e-005	3.03212e-005	3.03213e-005	3.03213e-005	3.03213e-005	3.03212e-005	3.03213e-005	3.03213e-005	3.03213e-005	3.03213e-005	3.03213e-005	
77	3.03988e-005	3.03991e-005	3.03994e-005	3.03993e-005	3.03991e-005	3.03991e-005	3.03992e-005	3.03992e-005	3.03992e-005	3.03991e-005	3.03991e-005	3.03992e-005	3.03992e-005	3.03992e-005	3.03991e-005	3.03992e-005	3.03992e-005	3.03992e-005	3.03992e-005	3.03992e-005	
78	3.04741e-005	3.04744e-005	3.04746e-005	3.04745e-005	3.04743e-005	3.04743e-005	3.04745e-005	3.04745e-005	3.04744e-005	3.04744e-005	3.04744e-005	3.04745e-005	3.04744e-005	3.04744e-005	3.04744e-005	3.04744e-005	3.04744e-005	3.04744e-005	3.04744e-005	3.04744e-005	
79	3.05481e-005	3.05484e-005	3.05486e-005	3.05485e-005	3.05483e-005	3.05483e-005	3.05485e-005	3.05485e-005	3.05484e-005	3.05484e-005	3.05484e-005	3.05484e-005	3.05484e-005	3.05484e-005	3.05484e-005	3.05484e-005	3.05484e-005	3.05484e-005	3.05484e-005	3.05484e-005	
80	3.06219e-005	3.06222e-005	3.06223e-005	3.06222e-005	3.0622e-005	3.06221e-005	3.06222e-005	3.06222e-005	3.06221e-005	3.06221e-005	3.06221e-005	3.06222e-005	3.06221e-005	3.06221e-005	3.06221e-005	3.06221e-005	3.06221e-005	3.06221e-005	3.06221e-005	3.06221e-005	
81	3.0696e-005	3.06963e-005	3.06964e-005	3.06962e-005	3.06961e-005	3.06962e-005	3.06963e-005	3.06963e-005	3.06962e-005	3.06962e-005	3.06962e-005	3.06963e-005	3.06962e-005	3.06962e-005	3.06962e-005	3.06962e-005	3.06962e-005	3.06962e-005	3.06962e-005	3.06962e-005	
82	3.07707e-005	3.0771e-005	3.07711e-005	3.07708e-005	3.07707e-005	3.07709e-005	3.0771e-005	3.07709e-005	3.07708e-005	3.07708e-005	3.07709e-005	3.07709e-005	3.07709e-005	3.07709e-005	3.07709e-005	3.07709e-005	3.07709e-005	3.07709e-005	3.07709e-005	3.07709e-005	
83	3.08456e-005	3.0846e-005	3.08459e-005	3.08457e-005	3.08456e-005	3.08458e-005	3.08459e-005	3.08458e-005	3.08457e-005	3.08457e-005	3.08458e-005	3.08458e-005	3.08458e-005	3.08457e-005	3.08458e-005	3.08458e-005	3.08458e-005	3.08458e-005	3.08458e-005	3.08458e-005	
84	3.09201e-005	3.09204e-005	3.09203e-005	3.09201e-005	3.092e-005	3.09202e-005	3.09203e-005	3.09202e-005	3.09201e-005	3.09202e-005	3.09202e-005	3.09202e-005	3.09202e-005	3.09202e-005	3.09202e-005	3.09202e-005	3.09202e-005	3.09202e-005	3.09202e-005	3.09202e-005	
85	3.09955e-005	3.09958e-005	3.09956e-005	3.09954e-005	3.09954e-005	3.09956e-005	3.09956e-005	3.09955e-005	3.09954e-005	3.09955e-005	3.09956e-005	3.09955e-005	3.09955e-005	3.09955e-005	3.09955e-005	3.09955e-005	3.09955e-005	3.09955e-005	3.09955e-005	3.09955e-005	
86	3.10705e-005	3.10708e-005	3.10706e-005	3.10703e-005	3.10704e-005	3.10706e-005	3.10706e-005	3.10705e-005	3.10704e-005	3.10705e-005	3.10705e-005	3.10705e-005	3.10705e-005	3.10705e-005	3.10705e-005	3.10705e-005	3.10705e-005	3.10705e-005	3.10705e-005	3.10705e-005	
87	3.11408e-005	3.1141e-005	3.11407e-005	3.11405e-005	3.11406e-005	3.11408e-005	3.11408e-005	3.11407e-005	3.11406e-005	3.11407e-005	3.11407e-005	3.11407e-005	3.11407e-005	3.11407e-005	3.11407e-005	3.11407e-005	3.11407e-005	3.11407e-005	3.11407e-005	3.11407e-005	
88	3.12045e-005	3.12047e-005	3.12044e-005	3.12042e-005	3.12043e-005	3.12045e-005	3.12045e-005	3.12044e-005	3.12043e-005	3.12044e-005	3.12044e-005	3.12044e-005	3.12044e-005	3.12044e-005	3.12044e-005	3.12044e-005	3.12044e-005	3.12044e-005	3.12044e-005	3.12044e-005	
89	3.12602e-005	3.12603e-005	3.12599e-005	3.12597e-005	3.12599e-005	3.12601e-005	3.126e-005	3.12599e-005	3.12599e-005	3.126e-005	3.126e-005	3.126e-005	3.12599e-005	3.126e-005	3.126e-005	3.126e-005	3.126e-005	3.126e-005	3.126e-005	3.126e-005	
90	3.13061e-005	3.13062e-005	3.13058e-005	3.13057e-005	3.13059e-005	3.1306e-005	3.1306e-005	3.13058e-005	3.13058e-005	3.13059e-005	3.13059e-005	3.13059e-005	3.13059e-005	3.13059e-005	3.13059e-005	3.13059e-005	3.13059e-005	3.13059e-005	3.13059e-005	3.13059e-005	
91	3.13412e-005	3.13411e-005	3.13408e-005	3.13406e-005	3.13408e-005	3.1341e-005	3.13409e-005	3.13408e-005	3.13408e-005	3.13409e-005	3.13409e-005	3.13408e-005	3.13408e-005	3.13408e-005	3.13409e-005	3.13409e-005	3.13408e-005	3.13408e-005	3.13409e-005	3.13409e-005	
92	3.13642e-005	3.13641e-005	3.13637e-005	3.13636e-005	3.13639e-005	3.1364e-005	3.13639e-005	3.13638e-005	3.13638e-005	3.13639e-005	3.13639e-005	3.13638e-005	3.13638e-005	3.13638e-005	3.13639e-005	3.13639e-005	3.13638e-005	3.13638e-005	3.13638e-005	3.13639e-005	
93	3.13745e-005	3.13743e-005	3.1374e-005	3.13739e-005	3.13742e-005	3.13743e-005	3.13741e-005	3.1374e-005	3.13741e-005	3.13742e-005	3.13742e-005	3.13741e-005	3.13741e-005	3.13741e-005	3.13741e-005	3.13741e-005	3.13741e-005	3.13741e-005	3.13741e-005	3.13741e-005	
94	3.13716e-005	3.13714e-005	3.1371e-005	3.13711e-005	3.13713e-005	3.13714e-005	3.13712e-005	3.13711e-005	3.13712e-005	3.13713e-005	3.13713e-005	3.13712e-005	3.13712e-005	3.13712e-005	3.13713e-005	3.13712e-005	3.13712e-005	3.13712e-005	3.13712e-005	3.13712e-005	
95	3.13553e-005	3.1355e-005	3.13547e-005	3.13548e-005	3.1355e-005	3.13551e-005	3.13549e-005	3.13549e-005	3.13549e-005	3.1355e-005	3.1355e-005	3.13549e-005	3.13549e-005	3.1355e-005	3.1355e-005	3.1355e-005	3.13549e-005	3.13549e-005	3.1355e-005	3.1355e-005	
96	3.13274e-005	3.13271e-005	3.13268e-005	3.13269e-005	3.13271e-005	3.13271e-005	3.1327e-005	3.13269e-005	3.1327e-005	3.13271e-005	3.1327e-005	3.1327e-005	3.1327e-005	3.1327e-005	3.1327e-005	3.1327e-005	3.1327e-005	3.1327e-005	3.1327e-005	3.1327e-005	
97	3.12914e-005	3.1291e-005	3.12908e-005	3.1291e-005	3.12912e-005	3.12911e-005	3.1291e-005	3.1291e-005	3.12911e-005	3.12911e-005	3.12911e-005	3.1291e-005	3.1291e-005	3.12911e-005	3.12911e-005	3.12911e-005	3.12911e-005	3.12911e-005	3.12911e-005	3.12911e-005	
98	3.12424e-005	3.12421e-005	3.12419e-005	3.12421e-005	3.12423e-005	3.12422e-005	3.12421e-005	3.12421e-005	3.12422e-005	3.12422e-005	3.12421e-005	3.12421e-005	3.12421e-005	3.12422e-005	3.12421e-005	3.12421e-005	3.12421e-005	3.12421e-005	3.12421e-005	3.12421e-005	
99	3.11806e-005	3.11803e-005	3.11802e-005	3.11804e-005	3.11805e-005	3.11804e-005	3.11803e-005	3.11803e-005	3.11804e-005	3.11804e-005	3.11804e-005	3.11804e-005	3.11804e-005	3.11804e-005	3.11804e-005	3.11804e-005	3.11804e-005	3.11804e-005	3.11804e-005	3.11804e-005	
100	3.11062e-005	3.11058e-005	3.11058e-005	3.1106e-005	3.11061e-005	3.1106e-005	3.11059e-005	3.1106e-005	3.1106e-005	3.1106e-005	3.1106e-005	3.1106e-005	3.1106e-005	3.1106e-005	3.1106e-005	3.1106e-005	3.1106e-005	3.1106e-005	3.1106e-005	3.1106e-005	
101	3.10192e-005	3.10189e-005	3.10189e-005	3.10191e-005	3.10192e-005	3.10191e-005	3.1019e-005	3.1019e-005	3.10191e-005	3.10191e-005	3.1019e-005	3.1019e-005	3.10191e-005	3.10191e-005	3.10191e-005	3.10191e-005	3.10191e-005	3.10191e-005	3.10191e-005	3.10191e-005	
102	3.09198e-005	3.09195e-005	3.09196e-005	3.09199e-005	3.09199e-005	3.09197e-005	3.09197e-005	3.09197e-005	3.09198e-005	3.09198e-005	3.09197e-005	3.09197e-005	3.09198e-005	3.09198e-005	3.09198e-005	3.09197e-005	3.09197e-005	3.09198e-005	3.09198e-005	3.09198e-005	
103	3.08082e-005	3.08079e-005	3.0808e-005	3.08083e-005	3.08083e-005	3.08081e-005	3.08081e-005	3.08082e-005	3.08082e-005	3.08082e-005	3.08081e-005	3.08081e-005	3.08082e-005	3.08082e-005	3.08082e-005	3.08081e-005	3.08082e-005	3.08082e-005	3.08082e-005	3.08082e-005	
104	3.06845e-005	3.06842e-005	3.06844e-005	3.06846e-005	3.06846e-005	3.06844e-005	3.06844e-005	3.06845e-005	3.06846e-005	3.06845e-005	3.06845e-005	3.06845e-005	3.06845e-005	3.06845e-005	3.06845e-005	3.06845e-005	3.06845e-005	3.06845e-005	3.06845e-005	3.06845e-005	
105	3.0549e-005	3.05487e-005	3.0549e-005	3.05492e-005	3.05491e-005	3.05489e-005	3.05489e-005	3.0549e-005	3.05491e-005	3.0549e-005	3.0549e-005	3.0549e-005	3.0549e-005	3.0549e-005	3.0549e-005	3.0549e-005	3.0549e-005	3.0549e-005	3.0549e-005	3.0549e-005	
106	3.04021e-005	3.04019e-005	3.04022e-005	3.04024e-005	3.04023e-005	3.04021e-005	3.04021e-005	3.04022e-005	3.04022e-005	3.04022e-005	3.04021e-005	3.04022e-005	3.04022e-005	3.04022e-005	3.04022e-005	3.04022e-005	3.04022e-005	3.04022e-005	3.04022e-005	3.04022e-005	
107	3.02444e-005	3.02443e-005	3.02446e-005	3.02448e-005	3.02446e-005	3.02445e-005	3.02445e-005	3.02446e-005	3.02447e-005	3.02446e-005	3.02445e-005	3.02446e-005	3.02446e-005	3.02446e-005	3.02446e-005	3.02446e-005	3.02446e-005	3.02446e-005	3.02446e-005	3.02446e-005	
108	3.00768e-005	3.00768e-005	3.00771e-005	3.00772e-005	3.00771e-005	3.00769e-005	3.0077e-005	3.00771e-005	3.00771e-005	3.0077e-005	3.0077e-005	3.0077e-005	3.00771e-005	3.00771e-005	3.0077e-005	3.0077e-005	3.00771e-005	3.00771e-005	3.00771e-005	3.00771e-005	
109	2.99003e-005	2.99003e-005	2.99006e-005	2.99007e-005	2.99006e-005	2.99004e-005	2.99005e-005	2.99006e-005	2.99006e-005	2.99005e-005	2.99005e-005	2.99006e-005	2.99006e-005	2.99006e-005	2.99006e-005	2.99006e-005	2.99006e-005	2.99006e-005	2.99006e-005	2.99006e-005	
110	2.9716e-005	2.97161e-005	2.97164e-005	2.97165e-005	2.97163e-005	2.97162e-005	2.97163e-005	2.97164e-005	2.97164e-005	2.97163e-005	2.97163e-005	2.97163e-005	2.97163e-005	2.97163e-005	2.97163e-005	2.97163e-005	2.97163e-005	2.97163e-005	2.97163e-005	2.97163e-005	
111	2.95253e-005	2.95254e-005	2.95257e-005	2.95257e-005	2.95255e-005	2.95254e-005	2.95255e-005	2.95256e-005	2.95256e-005	2.95255e-005	2.95255e-005	2.95256e-005	2.95256e-005	2.95256e-005	2.95256e-005	2.95256e-005	2.95256e-005	2.95256e-005	2.95256e-005	2.95256e-005	
112	2.93293e-005	2.93295e-005	2.93298e-005	2.93298e-005	2.93296e-005	2.93295e-005	2.93296e-005	2.93297e-005	2.93297e-005	2.93296e-005	2.93296e-005	2.93297e-005	2.93297e-005	2.93296e-005	2.93296e-005	2.93296e-005	2.93297e-005	2.93297e-005	2.93296e-005	2.93296e-005	
113	2.91295e-005	2.91297e-005	2.913e-005	2.91299e-005	2.91297e-005	2.91297e-005	2.91298e-005	2.91299e-005	2.91298e-005	2.91298e-005	2.91298e-005	2.91298e-005	2.91298e-005	2.91298e-005	2.91298e-005	2.91298e-005	2.91298e-005	2.91298e-005	2.91298e-005	2.91298e-005	
114	2.89269e-005	2.89272e-005	2.89274e-005	2.89273e-005	2.89271e-005	2.89271e-005	2.89273e-005	2.89273e-005	2.89272e-005	2.89272e-005	2.89272e-005	2.89273e-005	2.89272e-005	2.89272e-005	2.89272e-005	2.89272e-005	2.89272e-005	2.89272e-005	2.89272e-005	2.89272e-005	
115	2.87224e-005	2.87227e-005	2.87229e-005	2.87228e-005	2.87226e-005	2.87227e-005	2.87228e-005	2.87228e-005	2.87227e-005	2.87227e-005	2.87227e-005	2.87228e-005	2.87228e-005	2.87227e-005	2.87227e-005	2.87228e-005	2.87228e-005	2.87228e-005	2.87227e-005	2.87228e-005	
116	2.85166e-005	2.8517e-005	2.85172e-005	2.8517e-005	2.85168e-005	2.85169e-005	2.8517e-005	2.8517e-005	2.85169e-005	2.85169e-005	2.8517e-005	2.8517e-005	2.8517e-005	2.8517e-005	2.8517e-005	2.8517e-005	2.8517e-005	2.8517e-005	2.8517e-005	2.8517e-005	
117	2.83098e-005	2.83102e-005	2.83103e-005	2.83101e-005	2.831e-005	2.831e-005	2.83102e-005	2.83102e-005	2.83101e-005	2.83101e-005	2.83101e-005	2.83101e-005	2.83101e-005	2.83101e-005	2.83101e-005	2.83101e-005	2.83101e-005	2.83101e-005	2.83101e-005	2.83101e-005	
118	2.81017e-005	2.81021e-005	2.81022e-005	2.8102e-005	2.81018e-005	2.8102e-005	2.81021e-005	2.8102e-005	2.81019e-005	2.81019e-005	2.8102e-005	2.8102e-005	2.8102e-005	2.8102e-005	2.8102e-005	2.8102e-005	2.8102e-005	2.8102e-005	2.8102e-005	2.8102e-005	
119	2.78919e-005	2.78923e-005	2.78923e-005	2.7892e-005	2.78919e-005	2.78921e-005	2.78922e-005	2.78921e-005	2.7892e-005	2.7892e-005	2.78921e-005	2.78921e-005	2.78921e-005	2.78921e-005	2.78921e-005	2.78921e-005	2.78921e-005	2.78921e-005	2.78921e-005	2.78921e-005	
120	2.76793e-005	2.76797e-005	2.76797e-005	2.76794e-005	2.76793e-005	2.76795e-005	2.76796e-005	2.76795e-005	2.76794e-005	2.76795e-005	2.76795e-005	2.76795e-005	2.76795e-005	2.76795e-005	2.76795e-005	2.76795e-005	2.76795e-005	2.76795e-005	2.76795e-005	2.76795e-005	
121	2.74629e-005	2.74633e-005	2.74632e-005	2.74629e-005	2.74629e-005	2.74631e-005	2.74631e-005	2.7463e-005	2.7463e-005	2.7463e-005	2.74631e-005	2.74631e-005	2.7463e-005	2.7463e-005	2.7463e-005	2.7463e-005	2.7463e-005	2.7463e-005	2.7463e-005	2.7463e-005	
122	2.72413e-005	2.72416e-005	2.72414e-005	2.72412e-005	2.72412e-005	2.72414e-005	2.72414e-005	2.72413e-005	2.72412e-005	2.72413e-005	2.72413e-005	2.72413e-005	2.72413e-005	2.72413e-005	2.72413e-005	2.72413e-005	2.72413e-005	2.72413e-005	2.72413e-005	2.72413e-005	
123	2.70129e-005	2.70132e-005	2.70129e-005	2.70127e-005	2.70128e-005	2.70129e-005	2.7013e-005	2.70129e-005	2.70128e-005	2.70129e-005	2.70129e-005	2.70129e-005	2.70129e-005	2.70129e-005	2.70129e-005	2.70129e-005	2.70129e-005	2.70129e-005	2.70129e-005	2.70129e-005	
124	2.67763e-005	2.67765e-005	2.67763e-005	2.67761e-005	2.67761e-005	2.67763e-005	2.67763e-005	2.67762e-005	2.67762e-005	2.67762e-005	2.67763e-005	2.67763e-005	2.67762e-005	2.67762e-005	2.67763e-005	2.67763e-005	2.67763e-005	2.67762e-005	2.67763e-005	2.67763e-005	
125	2.65302e-005	2.65303e-005	2.653e-005	2.65298e-005	2.653e-005	2.65301e-005	2.65301e-005	2.653e-005	2.653e-005	2.653e-005	2.65301e-005	2.653e-005	2.653e-005	2.653e-005	2.65301e-005	2.65301e-005	2.653e-005	2.653e-005	2.653e-005	2.65301e-005	
126	2.62732e-005	2.62733e-005	2.6273e-005	2.62728e-005	2.6273e-005	2.62731e-005	2.62731e-005	2.6273e-005	2.6273e-005	2.6273e-005	2.62731e-005	2.6273e-005	2.6273e-005	2.6273e-005	2.62731e-005	2.62731e-005	2.6273e-005	2.6273e-005	2.6273e-005	2.62731e-005	
127	2.60045e-005	2.60045e-005	2.60042e-005	2.6004e-005	2.60042e-005	2.60044e-005	2.60043e-005	2.60042e-005	2.60042e-005	2.60043e-005	2.60043e-005	2.60042e-005	2.60042e-005	2.60042e-005	2.60043e-005	2.60043e-005	2.60042e-005	2.60042e-005	2.60043e-005	2.60043e-005	
128	2.57235e-005	2.57235e-005	2.57231e-005	2.57231e-005	2.57233e-005	2.57234e-005	2.57233e-005	2.57232e-005	2.57232e-005	2.57233e-005	2.57233e-005	2.57232e-005	2.57232e-005	2.57233e-005	2.57233e-005	2.57233e-005	2.57233e-005	2.57233e-005	2.57233e-005	2.57233e-005	
129	2.5432e-005	2.54319e-005	2.54316e-005	2.54315e-005	2.54318e-005	2.54318e-005	2.54317e-005	2.54316e-005	2.54317e-005	2.54318e-005	2.54318e-005	2.54317e-005	2.54317e-005	2.54317e-005	2.54317e-005	2.54317e-005	2.54317e-005	2.54317e-005	2.54317e-005	2.54317e-005	
130	2.51268e-005	2.51266e-005	2.51263e-005	2.51264e-005	2.51266e-005	2.51266e-005	2.51265e-005	2.51264e-005	2.51265e-005	2.51266e-005	2.51266e-005	2.51265e-005	2.51265e-005	2.51265e-005	2.51265e-005	2.51265e-005	2.51265e-005	2.51265e-005	2.51265e-005	2.51265e-005	
131	2.48079e-005	2.48076e-005	2.48074e-005	2.48075e-005	2.48077e-005	2.48077e-005	2.48075e-005	2.48075e-005	2.48076e-005	2.48076e-005	2.48076e-005	2.48076e-005	2.48076e-005	2.48076e-005	2.48076e-005	2.48076e-005	2.48076e-005	2.48076e-005	2.48076e-005	2.48076e-005	
132	2.44753e-005	2.4475e-005	2.44748e-005	2.44749e-005	2.44751e-005	2.44751e-005	2.44749e-005	2.44749e-005	2.4475e-005	2.4475e-005	2.4475e-005	2.4475e-005	2.4475e-005	2.4475e-005	2.4475e-005	2.4475e-005	2.4475e-005	2.4475e-005	2.4475e-005	2.4475e-005	
133	2.41292e-005	2.41289e-005	2.41287e-005	2.41289e-005	2.41291e-005	2.4129e-005	2.41289e-005	2.41289e-005	2.4129e-005	2.4129e-005	2.4129e-005	2.41289e-005	2.41289e-005	2.4129e-005	2.4129e-005	2.4129e-005	2.4129e-005	2.4129e-005	2.4129e-005	2.4129e-005	
134	2.38056e-005	2.38053e-005	2.38051e-005	2.38053e-005	2.38055e-005	2.38054e-005	2.38053e-005	2.38053e-005	2.38054e-005	2.38054e-005	2.38054e-005	2.38053e-005	2.38054e-005	2.38054e-005	2.38054e-005	2.38054e-005	2.38054e-005	2.38054e-005	2.38054e-005	2.38054e-005	
135	2.34311e-005	2.34307e-005	2.34306e-005	2.34309e-005	2.3431e-005	2.34309e-005	2.34308e-005	2.34308e-005	2.34309e-005	2.34309e-005	2.34308e-005	2.34308e-005	2.34309e-005	2.34309e-005	2.34309e-005	2.34309e-005	2.34309e-005	2.34309e-005	2.34309e-005	2.34309e-005	
136	2.3042e-005	2.30416e-005	2.30416e-005	2.30418e-005	2.30419e-005	2.30418e-005	2.30417e-005	2.30418e-005	2.30418e-005	2.30418e-005	2.30418e-005	2.30418e-005	2.30418e-005	2.30418e-005	2.30418e-005	2.30418e-005	2.30418e-005	2.30418e-005	2.30418e-005	2.30418e-005	
137	2.26381e-005	2.26377e-005	2.26377e-005	2.2638e-005	2.2638e-005	2.26379e-005	2.26378e-005	2.26379e-005	2.2638e-005	2.26379e-005	2.26379e-005	2.26379e-005	2.26379e-005	2.26379e-005	2.26379e-005	2.26379e-005	2.26379e-005	2.26379e-005	2.26379e-005	2.26379e-005	
138	2.2219e-005	2.22186e-005	2.22187e-005	2.2219e-005	2.2219e-005	2.22188e-005	2.22187e-005	2.22188e-005	2.22189e-005	2.22189e-005	2.22188e-005	2.22188e-005	2.22189e-005	2.22189e-005	2.22189e-005	2.22189e-005	2.22189e-005	2.22189e-005	2.22189e-005	2.22189e-005	
139	2.17845e-005	2.17841e-005	2.17842e-005	2.17845e-005	2.17845e-005	2.17844e-005	2.17843e-005	2.17844e-005	2.17845e-005	2.17844e-005	2.17844e-005	2.17844e-005	2.17844e-005	2.17844e-005	2.17844e-005	2.17844e-005	2.17844e-005	2.17844e-005	2.17844e-005	2.17844e-005	
140	2.13358e-005	2.13355e-005	2.13357e-005	2.1336e-005	2.13359e-005	2.13357e-005	2.13357e-005	2.13358e-005	2.13359e-005	2.13358e-005	2.13358e-005	2.13358e-005	2.13358e-005	2.13359e-005	2.13358e-005	2.13358e-005	2.13358e-005	2.13359e-005	2.13358e-005	2.13358e-005	
141	2.08761e-005	2.08758e-005	2.0876e-005	2.08763e-005	2.08762e-005	2.0876e-005	2.0876e-005	2.08761e-005	2.08762e-005	2.08761e-005	2.08761e-005	2.08761e-005	2.08762e-005	2.08762e-005	2.08761e-005	2.08761e-005	2.08762e-005	2.08762e-005	2.08762e-005	2.08762e-005	
142	2.04005e-005	2.04003e-005	2.04005e-005	2.04008e-005	2.04007e-005	2.04005e-005	2.04005e-005	2.04006e-005	2.04007e-005	2.04006e-005	2.04006e-005	2.04006e-005	2.04006e-005	2.04006e-005	2.04006e-005	2.04006e-005	2.04006e-005	2.04006e-005	2.04006e-005	2.04006e-005	
143	1.99091e-005	1.99089e-005	1.99092e-005	1.99094e-005	1.99093e-005	1.99092e-005	1.99092e-005	1.99093e-005	1.99093e-005	1.99093e-005	1.99092e-005	1.99093e-005	1.99093e-005	1.99093e-005	1.99093e-005	1.99093e-005	1.99093e-005	1.99093e-005	1.99093e-005	1.99093e-005	
144	1.9402e-005	1.94018e-005	1.94021e-005	1.94023e-005	1.94022e-005	1.9402e-005	1.94021e-005	1.94022e-005	1.94022e-005	1.94021e-005	1.94021e-005	1.94022e-005	1.94022e-005	1.94022e-005	1.94022e-005	1.94022e-005	1.94022e-005	1.94022e-005	1.94022e-005	1.94022e-005	
145	1.88789e-005	1.88789e-005	1.88792e-005	1.88793e-005	1.88792e-005	1.8879e-005	1.88791e-005	1.88792e-005	1.88792e-005	1.88791e-005	1.88791e-005	1.88792e-005	1.88792e-005	1.88792e-005	1.88792e-005	1.88792e-005	1.88792e-005	1.88792e-005	1.88792e-005	1.88792e-005	
146	1.83396e-005	1.83396e-005	1.83399e-005	1.83401e-005	1.83399e-005	1.83397e-005	1.83398e-005	1.83399e-005	1.83399e-005	1.83398e-005	1.83398e-005	1.83399e-005	1.83399e-005	1.83399e-005	1.83399e-005	1.83399e-005	1.83399e-005	1.83399e-005	1.83399e-005	1.83399e-005	
147	1.77829e-005	1.77829e-005	1.77833e-005	1.77834e-005	1.77832e-005	1.77831e-005	1.77832e-005	1.77833e-005	1.77832e-005	1.77832e-005	1.77832e-005	1.77832e-005	1.77832e-005	1.77832e-005	1.77832e-005	1.77832e-005	1.77832e-005	1.77832e-005	1.77832e-005	1.77832e-005	
148	1.72065e-005	1.72066e-005	1.7207e-005	1.72071e-005	1.72069e-005	1.72068e-005	1.72069e-005	1.7207e-005	1.72069e-005	1.72069e-005	1.72069e-005	1.72069e-005	1.72069e-005	1.72069e-005	1.72069e-005	1.72069e-005	1.72069e-005	1.72069e-005	1.72069e-005	1.72069e-005	
149	1.66061e-005	1.66063e-005	1.66067e-005	1.66067e-005	1.66065e-005	1.66064e-005	1.66065e-005	1.66066e-005	1.66066e-005	1.66065e-005	1.66065e-005	1.66066e-005	1.66066e-005	1.66066e-005	1.66065e-005	1.66066e-005	1.66066e-005	1.66066e-005	1.66066e-005	1.66066e-005	
150	1.59728e-005	1.59731e-005	1.59735e-005	1.59735e-005	1.59732e-005	1.59731e-005	1.59733e-005	1.59734e-005	1.59733e-005	1.59732e-005	1.59733e-005	1.59733e-005	1.59734e-005	1.59733e-005	1.59733e-005	1.59733e-005	1.59734e-005	1.59733e-005	1.59733e-005	1.59733e-005	
151	1.52864e-005	1.52869e-005	1.52875e-005	1.52874e-005	1.5287e-005	1.52869e-005	1.52871e-005	1.52873e-005	1.52872e-005	1.5287e-005	1.52871e-005	1.52872e-005	1.52872e-005	1.52871e-005	1.52871e-005	1.52872e-005	1.52872e-005	1.52872e-005	1.52872e-005	1.52872e-005	
152	1.44818e-005	1.44825e-005	1.44836e-005	1.44834e-005	1.44827e-005	1.44826e-005	1.4483e-005	1.44832e-005	1.4483e-005	1.44828e-005	1.44829e-005	1.44831e-005	1.44831e-005	1.4483e-005	1.44829e-005	1.4483e-005	1.4483e-005	1.4483e-005	1.4483e-005	1.4483e-005	
153	1.33877e-005	1.33879e-005	1.33874e-005	1.33872e-005	1.33874e-005	1.33876e-005	1.33875e-005	1.33874e-005	1.33874e-005	1.33875e-005	1.33875e-005	1.33875e-005	1.33874e-005	1.33875e-005	1.33875e-005	1.33875e-005	1.33875e-005	1.33875e-005	1.33875e-005	1.33875e-005	
154	1.34738e-005	1.34737e-005	1.34732e-005	1.34732e-005	1.34735e-005	1.34736e-005	1.34734e-005	1.34733e-005	1.34734e-005	1.34735e-005	1.34735e-005	1.34734e-005	1.34734e-005	1.34734e-005	1.34735e-005	1.34734e-005	1.34734e-005	1.34734e-005	1.34735e-005	1.34735e-005	
155	1.32802e-005	1.32799e-005	1.32795e-005	1.32795e-005	1.32798e-005	1.32799e-005	1.32797e-005	1.32796e-005	1.32797e-005	1.32798e-005	1.32798e-005	1.32797e-005	1.32797e-005	1.32798e-005	1.32798e-005	1.32798e-005	1.32798e-005	1.32798e-005	1.32798e-005	1.32798e-005	
156	1.28834e-005	1.28831e-005	1.28826e-005	1.28827e-005	1.2883e-005	1.28831e-005	1.28829e-005	1.28828e-005	1.28829e-005	1.2883e-005	1.2883e-005	1.28829e-005	1.28829e-005	1.2883e-005	1.2883e-005	1.28829e-005	1.28829e-005	1.28829e-005	1.2883e-005	1.2883e-005	
157	1.24657e-005	1.24653e-005	1.24649e-005	1.24651e-005	1.24654e-005	1.24654e-005	1.24652e-005	1.24651e-005	1.24652e-005	1.24653e-005	1.24653e-005	1.24652e-005	1.24652e-005	1.24653e-005	1.24653e-005	1.24653e-005	1.24653e-005	1.24653e-005	1.24653e-005	1.24653e-005	
158	1.20295e-005	1.2029e-005	1.20287e-005	1.20289e-005	1.20292e-005	1.20291e-005	1.20289e-005	1.20289e-005	1.2029e-005	1.20291e-005	1.2029e-005	1.2029e-005	1.2029e-005	1.2029e-005	1.20291e-005	1.2029e-005	1.2029e-005	1.2029e-005	1.20291e-005	1.2029e-005	
159	1.15775e-005	1.1577e-005	1.15767e-005	1.1577e-005	1.15772e-005	1.15772e-005	1.1577e-005	1.15769e-005	1.15771e-005	1.15771e-005	1.15771e-005	1.1577e-005	1.1577e-005	1.15771e-005	1.15771e-005	1.15771e-005	1.15771e-005	1.15771e-005	1.15771e-005	1.15771e-005	
160	1.11131e-005	1.11125e-005	1.11123e-005	1.11126e-005	1.11129e-005	1.11127e-005	1.11125e-005	1.11125e-005	1.11127e-005	1.11127e-005	1.11127e-005	1.11126e-005	1.11126e-005	1.11127e-005	1.11127e-005	1.11127e-005	1.11127e-005	1.11127e-005	1.11127e-005	1.11127e-005	
161	1.06399e-005	1.06393e-005	1.06391e-005	1.06395e-005	1.06397e-005	1.06395e-005	1.06394e-005	1.06394e-005	1.06395e-005	1.06396e-005	1.06395e-005	1.06394e-005	1.06395e-005	1.06395e-005	1.06395e-005	1.06395e-005	1.06395e-005	1.06395e-005	1.06395e-005	1.06395e-005	
162	1.01619e-005	1.01613e-005	1.01612e-005	1.01616e-005	1.01618e-005	1.01616e-005	1.01614e-005	1.01615e-005	1.01616e-005	1.01616e-005	1.01615e-005	1.01615e-005	1.01616e-005	1.01616e-005	1.01616e-005	1.01615e-005	1.01616e-005	1.01616e-005	1.01616e-005	1.01616e-005	
163	9.68321e-006	9.68259e-006	9.68262e-006	9.68303e-006	9.68316e-006	9.68293e-006	9.68278e-006	9.68288e-006	9.68302e-006	9.683e-006	9.6829e-006	9.68289e-006	9.68295e-006	9.68298e-006	9.68296e-006	9.68293e-006	9.68295e-006	9.68297e-006	9.68297e-006	9.68296e-006	
164	9.20796e-006	9.20738e-006	9.2075e-006	9.20793e-006	9.20799e-006	9.20773e-006	9.20761e-006	9.20775e-006	9.20787e-006	9.20783e-006	9.20774e-006	9.20774e-006	9.2078e-006	9.20783e-006	9.2078e-006	9.20777e-006	9.20779e-006	9.20782e-006	9.20782e-006	9.2078e-006	
165	8.74008e-006	8.73955e-006	8.73977e-006	8.7402e-006	8.74019e-006	8.73991e-006	8.73983e-006	8.73999e-006	8.7401e-006	8.74003e-006	8.73994e-006	8.73996e-006	8.74003e-006	8.74004e-006	8.74001e-006	8.73999e-006	8.74001e-006	8.74003e-006	8.74003e-006	8.74002e-006	
166	8.28311e-006	8.28265e-006	8.28298e-006	8.28338e-006	8.28331e-006	8.28302e-006	8.28298e-006	8.28316e-006	8.28325e-006	8.28316e-006	8.28308e-006	8.28311e-006	8.28318e-006	8.28319e-006	8.28315e-006	8.28313e-006	8.28316e-006	8.28318e-006	8.28317e-006	8.28316e-006	
167	7.87323e-006	7.87286e-006	7.87327e-006	7.87366e-006	7.87351e-006	7.87322e-006	7.87322e-006	7.87342e-006	7.87348e-006	7.87338e-006	7.87331e-006	7.87336e-006	7.87342e-006	7.87342e-006	7.87337e-006	7.87337e-006	7.8734e-006	7.87341e-006	7.8734e-006	7.87339e-006	
168	7.43837e-006	7.4381e-006	7.43861e-006	7.43895e-006	7.43873e-006	7.43844e-006	7.43849e-006	7.4387e-006	7.43874e-006	7.43862e-006	7.43856e-006	7.43862e-006	7.43869e-006	7.43867e-006	7.43862e-006	7.43863e-006	7.43866e-006	7.43867e-006	7.43866e-006	7.43865e-006	
169	7.01744e-006	7.0173e-006	7.01788e-006	7.01817e-006	7.01788e-006	7.01761e-006	7.01771e-006	7.01793e-006	7.01793e-006	7.0178e-006	7.01775e-006	7.01783e-006	7.01789e-006	7.01786e-006	7.01781e-006	7.01782e-006	7.01786e-006	7.01787e-006	7.01785e-006	7.01784e-006	
170	6.61169e-006	6.61168e-006	6.61232e-006	6.61254e-006	6.61219e-006	6.61194e-006	6.61209e-006	6.61231e-006	6.61228e-006	6.61213e-006	6.61211e-006	6.6122e-006	6.61225e-006	6.61221e-006	6.61217e-006	6.61218e-006	6.61222e-006	6.61222e-006	6.6122e-006	6.6122e-006	
171	6.22092e-006	6.22107e-006	6.22174e-006	6.22186e-006	6.22146e-006	6.22126e-006	6.22146e-006	6.22166e-006	6.22159e-006	6.22145e-006	6.22144e-006	6.22154e-006	6.22158e-006	6.22153e-006	6.22149e-006	6.22152e-006	6.22155e-006	6.22155e-006	6.22153e-006	6.22153e-006	
172	5.69335e-006	5.69395e-006	5.69431e-006	5.69404e-006	5.69372e-006	5.6938e-006	5.69404e-006	5.69407e-006	5.69392e-006	5.69387e-006	5.69394e-006	5.69401e-006	5.69399e-006	5.69394e-006	5.69395e-006	5.69398e-006	5.694e-006	5.69398e-006	5.69397e-006	5.69398e-006	
173	5.08752e-006	5.08819e-006	5.08848e-006	5.08814e-006	5.08784e-006	5.08798e-006	5.08822e-006	5.08821e-006	5.08806e-006	5.08802e-006	5.08811e-006	5.08817e-006	5.08814e-006	5.08809e-006	5.0881e-006	5.08814e-006	5.08815e-006	5.08813e-006	5.08813e-006	5.08814e-006	
174	4.45671e-006	4.45743e-006	4.45764e-006	4.45724e-006	4.45698e-006	4.45716e-006	4.4574e-006	4.45736e-006	4.4572e-006	4.45718e-006	4.45728e-006	4.45733e-006	4.45729e-006	4.45724e-006	4.45726e-006	4.45731e-006	4.45731e-006	4.45729e-006	4.45729e-006	4.4573e-006	
175	3.79334e-006	3.79412e-006	3.79423e-006	3.79377e-006	3.79355e-006	3.79379e-006	3.79402e-006	3.79394e-006	3.79377e-006	3.79377e-006	3.79389e-006	3.79393e-006	3.79387e-006	3.79383e-006	3.79386e-006	3.7939e-006	3.7939e-006	3.79388e-006	3.79388e-006	3.7939e-006	
176	3.08296e-006	3.08377e-006	3.08379e-006	3.08326e-006	3.08309e-006	3.08339e-006	3.0836e-006	3.08348e-006	3.08331e-006	3.08334e-006	3.08347e-006	3.08349e-006	3.08343e-006	3.08339e-006	3.08343e-006	3.08347e-006	3.08347e-006	3.08344e-006	3.08345e-006	3.08347e-006	
177	2.29132e-006	2.29221e-006	2.2921e-006	2.29149e-006	2.29138e-006	2.29174e-006	2.29195e-006	2.29178e-006	2.2916e-006	2.29166e-006	2.2918e-006	2.29182e-006	2.29173e-006	2.2917e-006	2.29176e-006	2.2918e-006	2.29179e-006	2.29176e-006	2.29177e-006	2.29179e-006	
178	1.292e-006	1.29318e-006	1.29285e-006	1.29198e-006	1.29193e-006	1.29249e-006	1.29271e-006	1.29243e-006	1.2922e-006	1.29232e-006	1.29252e-006	1.29252e-006	1.29239e-006	1.29237e-006	1.29245e-006	1.2925e-006	1.29248e-006	1.29245e-006	1.29246e-006	1.2925e-006	
179	0	0	0	0	0	0	0	0	0	0	0	0	0	0	0	0	0	0	0	0	
